File,MUESTRA_0_30_21.csv,
Date/Time,23-02-17/18:22,

Center Wavelength,1471.1,nm
Span Wavelength,557.6,nm
Start Wavelength,1192.3,nm
Stop Wavelength,1749.9,nm
Value In Air/Vacuum,Vacuum,
Optical Attenuater,Off,
Resolution,0.5,nm
Actual Resolution,0.494,nm
VBW,2000,Hz
Point Average,Off,
Sweep Average,1,
Smooth,Off,
Sampling Points,2001,pt
Trace Type,Write,
Trace Storage Mode,Off,
Trace Calculate Trace 1,-,
Trace Calculate Trace 2,-,
Dynamic Range,Normal,
Ext-Trigger,Off,
Interval Time,Off,
MM Mode,Off,

Trace,A
Start,1192.3,nm
Stop,1749.9,nm
1192.300000,1.6700E-007
1192.578800,2.0620E-007
1192.857600,2.1980E-007
1193.136400,1.7850E-007
1193.415200,1.4830E-007
1193.694000,2.0460E-007
1193.972800,1.4330E-007
1194.251600,1.5220E-007
1194.530400,1.5500E-007
1194.809200,1.9430E-007
1195.088000,1.5780E-007
1195.366800,1.7950E-007
1195.645600,2.5350E-007
1195.924400,1.8020E-007
1196.203200,2.0600E-007
1196.482000,1.6670E-007
1196.760800,1.9130E-007
1197.039600,1.9120E-007
1197.318400,1.9750E-007
1197.597200,1.2660E-007
1197.876000,1.5660E-007
1198.154800,2.1890E-007
1198.433600,2.2170E-007
1198.712400,2.1150E-007
1198.991200,1.2850E-007
1199.270000,2.2160E-007
1199.548800,1.7230E-007
1199.827600,2.0770E-007
1200.106400,1.7600E-007
1200.385200,1.7680E-007
1200.664000,1.6920E-007
1200.942800,1.6600E-007
1201.221600,1.6360E-007
1201.500400,1.7430E-007
1201.779200,1.8670E-007
1202.058000,1.7960E-007
1202.336800,1.6790E-007
1202.615600,2.1850E-007
1202.894400,1.7600E-007
1203.173200,1.8770E-007
1203.452000,2.2360E-007
1203.730800,1.8680E-007
1204.009600,1.5870E-007
1204.288400,1.4960E-007
1204.567200,1.9760E-007
1204.846000,2.0060E-007
1205.124800,2.3640E-007
1205.403600,1.5890E-007
1205.682400,1.7700E-007
1205.961200,1.5950E-007
1206.240000,1.0790E-007
1206.518800,1.9760E-007
1206.797600,2.3230E-007
1207.076400,2.0070E-007
1207.355200,1.9490E-007
1207.634000,2.0310E-007
1207.912800,2.0940E-007
1208.191600,1.6040E-007
1208.470400,2.1900E-007
1208.749200,2.2010E-007
1209.028000,1.7310E-007
1209.306800,1.7930E-007
1209.585600,1.3080E-007
1209.864400,1.6850E-007
1210.143200,2.0990E-007
1210.422000,1.7340E-007
1210.700800,2.0250E-007
1210.979600,1.6040E-007
1211.258400,1.8610E-007
1211.537200,1.5410E-007
1211.816000,1.6520E-007
1212.094800,1.7660E-007
1212.373600,1.7020E-007
1212.652400,1.7340E-007
1212.931200,2.1490E-007
1213.210000,2.1560E-007
1213.488800,1.9880E-007
1213.767600,1.9460E-007
1214.046400,1.7530E-007
1214.325200,1.8770E-007
1214.604000,1.2950E-007
1214.882800,2.0460E-007
1215.161600,1.9780E-007
1215.440400,1.7410E-007
1215.719200,1.4550E-007
1215.998000,2.0490E-007
1216.276800,1.7820E-007
1216.555600,1.8500E-007
1216.834400,2.0580E-007
1217.113200,1.6010E-007
1217.392000,1.8130E-007
1217.670800,1.7350E-007
1217.949600,1.8470E-007
1218.228400,1.8930E-007
1218.507200,2.2110E-007
1218.786000,1.5550E-007
1219.064800,1.2780E-007
1219.343600,1.8030E-007
1219.622400,1.8650E-007
1219.901200,1.8040E-007
1220.180000,2.0380E-007
1220.458800,1.5990E-007
1220.737600,1.3660E-007
1221.016400,1.6960E-007
1221.295200,1.7100E-007
1221.574000,1.7940E-007
1221.852800,1.6560E-007
1222.131600,1.4110E-007
1222.410400,1.5420E-007
1222.689200,1.7050E-007
1222.968000,2.0090E-007
1223.246800,1.6430E-007
1223.525600,1.9200E-007
1223.804400,1.6470E-007
1224.083200,1.7970E-007
1224.362000,2.1220E-007
1224.640800,1.5280E-007
1224.919600,1.6210E-007
1225.198400,1.5560E-007
1225.477200,1.4970E-007
1225.756000,1.3400E-007
1226.034800,1.5980E-007
1226.313600,2.0700E-007
1226.592400,1.3820E-007
1226.871200,1.7270E-007
1227.150000,1.7620E-007
1227.428800,1.8770E-007
1227.707600,1.6630E-007
1227.986400,1.5330E-007
1228.265200,1.8120E-007
1228.544000,1.1820E-007
1228.822800,1.6800E-007
1229.101600,1.8530E-007
1229.380400,1.3400E-007
1229.659200,1.5980E-007
1229.938000,1.5140E-007
1230.216800,1.5550E-007
1230.495600,1.9060E-007
1230.774400,1.6930E-007
1231.053200,1.9580E-007
1231.332000,1.8990E-007
1231.610800,1.7200E-007
1231.889600,1.7380E-007
1232.168400,1.5780E-007
1232.447200,1.3480E-007
1232.726000,1.6590E-007
1233.004800,1.7300E-007
1233.283600,1.6330E-007
1233.562400,1.7170E-007
1233.841200,1.7430E-007
1234.120000,2.0210E-007
1234.398800,1.3900E-007
1234.677600,1.7910E-007
1234.956400,1.6150E-007
1235.235200,1.1730E-007
1235.514000,1.9020E-007
1235.792800,1.6750E-007
1236.071600,1.9440E-007
1236.350400,2.1210E-007
1236.629200,1.4200E-007
1236.908000,1.4690E-007
1237.186800,1.2750E-007
1237.465600,1.3710E-007
1237.744400,1.6940E-007
1238.023200,1.4450E-007
1238.302000,1.5550E-007
1238.580800,2.3100E-007
1238.859600,1.4660E-007
1239.138400,1.2990E-007
1239.417200,1.7270E-007
1239.696000,1.3490E-007
1239.974800,1.5550E-007
1240.253600,1.9270E-007
1240.532400,2.0270E-007
1240.811200,1.7240E-007
1241.090000,1.5170E-007
1241.368800,1.9480E-007
1241.647600,1.8120E-007
1241.926400,1.1460E-007
1242.205200,1.5660E-007
1242.484000,1.5990E-007
1242.762800,1.5890E-007
1243.041600,1.6990E-007
1243.320400,1.3150E-007
1243.599200,1.9650E-007
1243.878000,1.6600E-007
1244.156800,1.5970E-007
1244.435600,1.4640E-007
1244.714400,1.4730E-007
1244.993200,1.0920E-007
1245.272000,2.0870E-007
1245.550800,1.1590E-007
1245.829600,1.5120E-007
1246.108400,1.9080E-007
1246.387200,1.9340E-007
1246.666000,1.9500E-007
1246.944800,1.5140E-007
1247.223600,1.2860E-007
1247.502400,1.7270E-007
1247.781200,1.7320E-007
1248.060000,1.1690E-007
1248.338800,1.5140E-007
1248.617600,1.7580E-007
1248.896400,2.0740E-007
1249.175200,1.3650E-007
1249.454000,1.9940E-007
1249.732800,1.9210E-007
1250.011600,1.6260E-007
1250.290400,1.6510E-007
1250.569200,1.8010E-007
1250.848000,1.2350E-007
1251.126800,1.8800E-007
1251.405600,1.3380E-007
1251.684400,1.7380E-007
1251.963200,1.3110E-007
1252.242000,1.9440E-007
1252.520800,1.3350E-007
1252.799600,1.4700E-007
1253.078400,1.3280E-007
1253.357200,2.0460E-007
1253.636000,1.7240E-007
1253.914800,1.8190E-007
1254.193600,1.5630E-007
1254.472400,1.4850E-007
1254.751200,1.4940E-007
1255.030000,1.7680E-007
1255.308800,1.5380E-007
1255.587600,2.2510E-007
1255.866400,1.6500E-007
1256.145200,1.4390E-007
1256.424000,1.4750E-007
1256.702800,1.1820E-007
1256.981600,1.5050E-007
1257.260400,1.6030E-007
1257.539200,1.5720E-007
1257.818000,1.7990E-007
1258.096800,1.2020E-007
1258.375600,1.8350E-007
1258.654400,1.6300E-007
1258.933200,1.5290E-007
1259.212000,1.7370E-007
1259.490800,1.4490E-007
1259.769600,1.5960E-007
1260.048400,1.4070E-007
1260.327200,1.3280E-007
1260.606000,1.6240E-007
1260.884800,1.4000E-007
1261.163600,1.3080E-007
1261.442400,1.4940E-007
1261.721200,1.5650E-007
1262.000000,1.9580E-007
1262.278800,1.0400E-007
1262.557600,1.2540E-007
1262.836400,1.6170E-007
1263.115200,1.8560E-007
1263.394000,1.4220E-007
1263.672800,1.6200E-007
1263.951600,1.6510E-007
1264.230400,1.5490E-007
1264.509200,1.2200E-007
1264.788000,1.3690E-007
1265.066800,1.4870E-007
1265.345600,1.6070E-007
1265.624400,1.2870E-007
1265.903200,2.0160E-007
1266.182000,1.1050E-007
1266.460800,1.7910E-007
1266.739600,1.6270E-007
1267.018400,1.5440E-007
1267.297200,1.8400E-007
1267.576000,1.5240E-007
1267.854800,1.8100E-007
1268.133600,1.6920E-007
1268.412400,1.1600E-007
1268.691200,1.3230E-007
1268.970000,1.4240E-007
1269.248800,1.4890E-007
1269.527600,1.2700E-007
1269.806400,1.4270E-007
1270.085200,1.8060E-007
1270.364000,1.1540E-007
1270.642800,2.0080E-007
1270.921600,1.3380E-007
1271.200400,1.8630E-007
1271.479200,1.7940E-007
1271.758000,1.6860E-007
1272.036800,1.4710E-007
1272.315600,1.6270E-007
1272.594400,1.7660E-007
1272.873200,1.6330E-007
1273.152000,1.8280E-007
1273.430800,1.5230E-007
1273.709600,1.8280E-007
1273.988400,1.6540E-007
1274.267200,1.3020E-007
1274.546000,1.8560E-007
1274.824800,1.5350E-007
1275.103600,1.6770E-007
1275.382400,1.4690E-007
1275.661200,1.4290E-007
1275.940000,1.3640E-007
1276.218800,1.7710E-007
1276.497600,1.2980E-007
1276.776400,1.9410E-007
1277.055200,1.5610E-007
1277.334000,1.6500E-007
1277.612800,1.4870E-007
1277.891600,1.8510E-007
1278.170400,1.4600E-007
1278.449200,1.6660E-007
1278.728000,1.3180E-007
1279.006800,1.9200E-007
1279.285600,1.4760E-007
1279.564400,1.2880E-007
1279.843200,1.7420E-007
1280.122000,2.1250E-007
1280.400800,1.6660E-007
1280.679600,1.6400E-007
1280.958400,1.8460E-007
1281.237200,1.1040E-007
1281.516000,1.6010E-007
1281.794800,1.3800E-007
1282.073600,1.2860E-007
1282.352400,1.2940E-007
1282.631200,1.0570E-007
1282.910000,1.7430E-007
1283.188800,1.0150E-007
1283.467600,1.5890E-007
1283.746400,1.4280E-007
1284.025200,1.6770E-007
1284.304000,1.5670E-007
1284.582800,1.8940E-007
1284.861600,1.7810E-007
1285.140400,1.7850E-007
1285.419200,1.8380E-007
1285.698000,1.2790E-007
1285.976800,1.2080E-007
1286.255600,1.5350E-007
1286.534400,1.7130E-007
1286.813200,1.4570E-007
1287.092000,1.5280E-007
1287.370800,1.6310E-007
1287.649600,1.5410E-007
1287.928400,1.6230E-007
1288.207200,1.6750E-007
1288.486000,2.0120E-007
1288.764800,1.6300E-007
1289.043600,1.6330E-007
1289.322400,1.5400E-007
1289.601200,1.1670E-007
1289.880000,1.3870E-007
1290.158800,1.5360E-007
1290.437600,1.4300E-007
1290.716400,1.4640E-007
1290.995200,1.7760E-007
1291.274000,1.7920E-007
1291.552800,2.0260E-007
1291.831600,1.3750E-007
1292.110400,1.0710E-007
1292.389200,1.5780E-007
1292.668000,1.6570E-007
1292.946800,1.9660E-007
1293.225600,1.9630E-007
1293.504400,1.1460E-007
1293.783200,1.7640E-007
1294.062000,1.1410E-007
1294.340800,1.5110E-007
1294.619600,1.0620E-007
1294.898400,1.3490E-007
1295.177200,1.1780E-007
1295.456000,1.4220E-007
1295.734800,1.9150E-007
1296.013600,1.3150E-007
1296.292400,1.5380E-007
1296.571200,1.4270E-007
1296.850000,1.9070E-007
1297.128800,1.4380E-007
1297.407600,1.3360E-007
1297.686400,1.6800E-007
1297.965200,1.6890E-007
1298.244000,1.6820E-007
1298.522800,1.0750E-007
1298.801600,1.8540E-007
1299.080400,1.5190E-007
1299.359200,1.8170E-007
1299.638000,1.5980E-007
1299.916800,1.8600E-007
1300.195600,1.6020E-007
1300.474400,1.6190E-007
1300.753200,1.4230E-007
1301.032000,1.6520E-007
1301.310800,1.7940E-007
1301.589600,1.2040E-007
1301.868400,1.5240E-007
1302.147200,1.5050E-007
1302.426000,1.5310E-007
1302.704800,1.9980E-007
1302.983600,1.4830E-007
1303.262400,1.5250E-007
1303.541200,1.3240E-007
1303.820000,1.5180E-007
1304.098800,1.3300E-007
1304.377600,1.5390E-007
1304.656400,1.6450E-007
1304.935200,1.2590E-007
1305.214000,1.0880E-007
1305.492800,1.7870E-007
1305.771600,1.4840E-007
1306.050400,1.2320E-007
1306.329200,1.0930E-007
1306.608000,1.9690E-007
1306.886800,1.2080E-007
1307.165600,1.3860E-007
1307.444400,1.8080E-007
1307.723200,2.0440E-007
1308.002000,1.8800E-007
1308.280800,1.5010E-007
1308.559600,1.6410E-007
1308.838400,1.4680E-007
1309.117200,1.5770E-007
1309.396000,1.3830E-007
1309.674800,1.4960E-007
1309.953600,1.4800E-007
1310.232400,9.2350E-008
1310.511200,1.8880E-007
1310.790000,1.2880E-007
1311.068800,1.1960E-007
1311.347600,1.5830E-007
1311.626400,1.5510E-007
1311.905200,1.7260E-007
1312.184000,1.5740E-007
1312.462800,1.5710E-007
1312.741600,1.3830E-007
1313.020400,1.2280E-007
1313.299200,1.7340E-007
1313.578000,1.6590E-007
1313.856800,2.0250E-007
1314.135600,1.1350E-007
1314.414400,1.8630E-007
1314.693200,1.7350E-007
1314.972000,1.3540E-007
1315.250800,1.5530E-007
1315.529600,1.2960E-007
1315.808400,1.5320E-007
1316.087200,1.1020E-007
1316.366000,1.2910E-007
1316.644800,1.3850E-007
1316.923600,1.4060E-007
1317.202400,1.5420E-007
1317.481200,1.4100E-007
1317.760000,1.7180E-007
1318.038800,1.2960E-007
1318.317600,1.0280E-007
1318.596400,1.6040E-007
1318.875200,1.6560E-007
1319.154000,1.2990E-007
1319.432800,1.5450E-007
1319.711600,1.2810E-007
1319.990400,1.3430E-007
1320.269200,1.3490E-007
1320.548000,1.2880E-007
1320.826800,1.4780E-007
1321.105600,1.6900E-007
1321.384400,1.1660E-007
1321.663200,1.5350E-007
1321.942000,1.2500E-007
1322.220800,1.2330E-007
1322.499600,1.4810E-007
1322.778400,1.6130E-007
1323.057200,1.8560E-007
1323.336000,1.2030E-007
1323.614800,1.5820E-007
1323.893600,1.4550E-007
1324.172400,1.1580E-007
1324.451200,1.6130E-007
1324.730000,2.0680E-007
1325.008800,1.5340E-007
1325.287600,1.6000E-007
1325.566400,1.0320E-007
1325.845200,9.2650E-008
1326.124000,1.7810E-007
1326.402800,1.3430E-007
1326.681600,1.1500E-007
1326.960400,1.3350E-007
1327.239200,1.2650E-007
1327.518000,1.7700E-007
1327.796800,1.8030E-007
1328.075600,1.5190E-007
1328.354400,1.3450E-007
1328.633200,1.4200E-007
1328.912000,1.5940E-007
1329.190800,1.4710E-007
1329.469600,1.2980E-007
1329.748400,1.6750E-007
1330.027200,2.0410E-007
1330.306000,1.4940E-007
1330.584800,1.7990E-007
1330.863600,1.4070E-007
1331.142400,1.5570E-007
1331.421200,1.4570E-007
1331.700000,1.6950E-007
1331.978800,1.5780E-007
1332.257600,1.3580E-007
1332.536400,1.6230E-007
1332.815200,1.1660E-007
1333.094000,1.2850E-007
1333.372800,1.4570E-007
1333.651600,1.3200E-007
1333.930400,1.6080E-007
1334.209200,1.6330E-007
1334.488000,1.8580E-007
1334.766800,1.6340E-007
1335.045600,1.2800E-007
1335.324400,1.2080E-007
1335.603200,1.8060E-007
1335.882000,1.3760E-007
1336.160800,1.5380E-007
1336.439600,1.9780E-007
1336.718400,2.0510E-007
1336.997200,9.2800E-008
1337.276000,1.4850E-007
1337.554800,1.8890E-007
1337.833600,1.4940E-007
1338.112400,1.7390E-007
1338.391200,1.2280E-007
1338.670000,1.6480E-007
1338.948800,1.8430E-007
1339.227600,1.6610E-007
1339.506400,1.5160E-007
1339.785200,1.4460E-007
1340.064000,1.7380E-007
1340.342800,2.1240E-007
1340.621600,1.4320E-007
1340.900400,1.6840E-007
1341.179200,1.5980E-007
1341.458000,1.7550E-007
1341.736800,1.3290E-007
1342.015600,2.0930E-007
1342.294400,1.4380E-007
1342.573200,1.6290E-007
1342.852000,1.8510E-007
1343.130800,2.0480E-007
1343.409600,1.4560E-007
1343.688400,1.8030E-007
1343.967200,1.6150E-007
1344.246000,1.6240E-007
1344.524800,2.1990E-007
1344.803600,2.2580E-007
1345.082400,1.7760E-007
1345.361200,1.9440E-007
1345.640000,1.6700E-007
1345.918800,1.5710E-007
1346.197600,1.5300E-007
1346.476400,1.9960E-007
1346.755200,2.0250E-007
1347.034000,1.8130E-007
1347.312800,2.3090E-007
1347.591600,2.0720E-007
1347.870400,2.2130E-007
1348.149200,1.9970E-007
1348.428000,1.6980E-007
1348.706800,2.2300E-007
1348.985600,1.9100E-007
1349.264400,2.1940E-007
1349.543200,2.2540E-007
1349.822000,1.9090E-007
1350.100800,2.7730E-007
1350.379600,2.4070E-007
1350.658400,2.7460E-007
1350.937200,2.2980E-007
1351.216000,2.3080E-007
1351.494800,2.1380E-007
1351.773600,2.8320E-007
1352.052400,2.3810E-007
1352.331200,2.4880E-007
1352.610000,2.8320E-007
1352.888800,2.7030E-007
1353.167600,2.3080E-007
1353.446400,2.7970E-007
1353.725200,2.9130E-007
1354.004000,2.7500E-007
1354.282800,2.8030E-007
1354.561600,3.0560E-007
1354.840400,2.8230E-007
1355.119200,3.4910E-007
1355.398000,3.4670E-007
1355.676800,2.7020E-007
1355.955600,2.8390E-007
1356.234400,4.0320E-007
1356.513200,3.6680E-007
1356.792000,3.1070E-007
1357.070800,3.6120E-007
1357.349600,3.8670E-007
1357.628400,3.0870E-007
1357.907200,3.6520E-007
1358.186000,3.7170E-007
1358.464800,3.8910E-007
1358.743600,4.1700E-007
1359.022400,4.8580E-007
1359.301200,4.4680E-007
1359.580000,3.6850E-007
1359.858800,4.6170E-007
1360.137600,4.5020E-007
1360.416400,4.6460E-007
1360.695200,4.1830E-007
1360.974000,4.7450E-007
1361.252800,4.8010E-007
1361.531600,4.1920E-007
1361.810400,4.9640E-007
1362.089200,4.4960E-007
1362.368000,4.6560E-007
1362.646800,6.1010E-007
1362.925600,5.8050E-007
1363.204400,6.5890E-007
1363.483200,6.0080E-007
1363.762000,6.8950E-007
1364.040800,6.5060E-007
1364.319600,6.5570E-007
1364.598400,6.5570E-007
1364.877200,6.8140E-007
1365.156000,6.6710E-007
1365.434800,6.8930E-007
1365.713600,6.6200E-007
1365.992400,8.3140E-007
1366.271200,8.3160E-007
1366.550000,9.4800E-007
1366.828800,8.0630E-007
1367.107600,9.7220E-007
1367.386400,9.1940E-007
1367.665200,7.8810E-007
1367.944000,9.0240E-007
1368.222800,9.3270E-007
1368.501600,8.1590E-007
1368.780400,9.1520E-007
1369.059200,1.0790E-006
1369.338000,1.0780E-006
1369.616800,1.1340E-006
1369.895600,1.1780E-006
1370.174400,1.1830E-006
1370.453200,1.2880E-006
1370.732000,1.1080E-006
1371.010800,1.1250E-006
1371.289600,1.3420E-006
1371.568400,1.3560E-006
1371.847200,1.3850E-006
1372.126000,1.2980E-006
1372.404800,1.4450E-006
1372.683600,1.4790E-006
1372.962400,1.4340E-006
1373.241200,1.5930E-006
1373.520000,1.6970E-006
1373.798800,1.6640E-006
1374.077600,1.8780E-006
1374.356400,1.7940E-006
1374.635200,1.7600E-006
1374.914000,1.8770E-006
1375.192800,1.8950E-006
1375.471600,1.9910E-006
1375.750400,1.9710E-006
1376.029200,1.9740E-006
1376.308000,2.0470E-006
1376.586800,2.3220E-006
1376.865600,1.9880E-006
1377.144400,2.3870E-006
1377.423200,2.3870E-006
1377.702000,2.4050E-006
1377.980800,2.5360E-006
1378.259600,2.4330E-006
1378.538400,2.4620E-006
1378.817200,2.5780E-006
1379.096000,2.7760E-006
1379.374800,2.8770E-006
1379.653600,2.9450E-006
1379.932400,2.9470E-006
1380.211200,2.9950E-006
1380.490000,2.4930E-006
1380.768800,2.4000E-006
1381.047600,3.0610E-006
1381.326400,3.5560E-006
1381.605200,3.6400E-006
1381.884000,3.5490E-006
1382.162800,3.4380E-006
1382.441600,3.0530E-006
1382.720400,2.8010E-006
1382.999200,3.7330E-006
1383.278000,4.2770E-006
1383.556800,4.1180E-006
1383.835600,4.3780E-006
1384.114400,4.8620E-006
1384.393200,5.1380E-006
1384.672000,4.9540E-006
1384.950800,4.7190E-006
1385.229600,4.7060E-006
1385.508400,5.3810E-006
1385.787200,5.3860E-006
1386.066000,5.5450E-006
1386.344800,5.8050E-006
1386.623600,6.0270E-006
1386.902400,6.2970E-006
1387.181200,6.5950E-006
1387.460000,6.4530E-006
1387.738800,5.8270E-006
1388.017600,5.4350E-006
1388.296400,6.3160E-006
1388.575200,6.9790E-006
1388.854000,7.3010E-006
1389.132800,7.5400E-006
1389.411600,7.8070E-006
1389.690400,7.8220E-006
1389.969200,7.7920E-006
1390.248000,7.9030E-006
1390.526800,8.1320E-006
1390.805600,8.8170E-006
1391.084400,8.8470E-006
1391.363200,8.8470E-006
1391.642000,9.5130E-006
1391.920800,9.3290E-006
1392.199600,8.1990E-006
1392.478400,8.1240E-006
1392.757200,9.6530E-006
1393.036000,1.0040E-005
1393.314800,1.0560E-005
1393.593600,1.0500E-005
1393.872400,1.0740E-005
1394.151200,1.1410E-005
1394.430000,1.1220E-005
1394.708800,1.0170E-005
1394.987600,1.0180E-005
1395.266400,1.1000E-005
1395.545200,1.0850E-005
1395.824000,1.1980E-005
1396.102800,1.1180E-005
1396.381600,1.0280E-005
1396.660400,1.1870E-005
1396.939200,1.3650E-005
1397.218000,1.3440E-005
1397.496800,1.4050E-005
1397.775600,1.4630E-005
1398.054400,1.4310E-005
1398.333200,1.4770E-005
1398.612000,1.4900E-005
1398.890800,1.4980E-005
1399.169600,1.5490E-005
1399.448400,1.3320E-005
1399.727200,1.3880E-005
1400.006000,1.4560E-005
1400.284800,1.4630E-005
1400.563600,1.3110E-005
1400.842400,1.3610E-005
1401.121200,1.5660E-005
1401.400000,1.5560E-005
1401.678800,1.5450E-005
1401.957600,1.6790E-005
1402.236400,1.7180E-005
1402.515200,1.7400E-005
1402.794000,1.7350E-005
1403.072800,1.7710E-005
1403.351600,1.8370E-005
1403.630400,1.8120E-005
1403.909200,1.8310E-005
1404.188000,1.8120E-005
1404.466800,1.8660E-005
1404.745600,1.5500E-005
1405.024400,1.5600E-005
1405.303200,1.8390E-005
1405.582000,1.9960E-005
1405.860800,1.9490E-005
1406.139600,2.0340E-005
1406.418400,1.9570E-005
1406.697200,1.9530E-005
1406.976000,1.8080E-005
1407.254800,1.7900E-005
1407.533600,1.9080E-005
1407.812400,2.0590E-005
1408.091200,2.0910E-005
1408.370000,2.0370E-005
1408.648800,1.9960E-005
1408.927600,1.9480E-005
1409.206400,1.8570E-005
1409.485200,1.7980E-005
1409.764000,1.9250E-005
1410.042800,1.9990E-005
1410.321600,2.0820E-005
1410.600400,2.0310E-005
1410.879200,2.0550E-005
1411.158000,2.0140E-005
1411.436800,2.0490E-005
1411.715600,2.1150E-005
1411.994400,2.1080E-005
1412.273200,2.0520E-005
1412.552000,2.1070E-005
1412.830800,2.1870E-005
1413.109600,2.1700E-005
1413.388400,2.1600E-005
1413.667200,2.1990E-005
1413.946000,2.0700E-005
1414.224800,2.0280E-005
1414.503600,2.1100E-005
1414.782400,2.1380E-005
1415.061200,2.1940E-005
1415.340000,2.1930E-005
1415.618800,2.2600E-005
1415.897600,2.3360E-005
1416.176400,2.3080E-005
1416.455200,2.2870E-005
1416.734000,2.3220E-005
1417.012800,2.3780E-005
1417.291600,2.2300E-005
1417.570400,2.3480E-005
1417.849200,2.3320E-005
1418.128000,2.3480E-005
1418.406800,2.3210E-005
1418.685600,2.2540E-005
1418.964400,2.2110E-005
1419.243200,2.3230E-005
1419.522000,2.3260E-005
1419.800800,2.4640E-005
1420.079600,2.3940E-005
1420.358400,2.4570E-005
1420.637200,2.4910E-005
1420.916000,2.4840E-005
1421.194800,2.5190E-005
1421.473600,2.5530E-005
1421.752400,2.5970E-005
1422.031200,2.5970E-005
1422.310000,2.6360E-005
1422.588800,2.5840E-005
1422.867600,2.6940E-005
1423.146400,2.6680E-005
1423.425200,2.6190E-005
1423.704000,2.5910E-005
1423.982800,2.5660E-005
1424.261600,2.6810E-005
1424.540400,2.7360E-005
1424.819200,2.7610E-005
1425.098000,2.7710E-005
1425.376800,2.7790E-005
1425.655600,2.8140E-005
1425.934400,2.8310E-005
1426.213200,2.8660E-005
1426.492000,2.8250E-005
1426.770800,2.9070E-005
1427.049600,2.9010E-005
1427.328400,2.9000E-005
1427.607200,2.9890E-005
1427.886000,2.9470E-005
1428.164800,2.9710E-005
1428.443600,3.0450E-005
1428.722400,3.0940E-005
1429.001200,3.0310E-005
1429.280000,3.1460E-005
1429.558800,3.2130E-005
1429.837600,3.2260E-005
1430.116400,3.2260E-005
1430.395200,3.1880E-005
1430.674000,3.2380E-005
1430.952800,3.1600E-005
1431.231600,3.1740E-005
1431.510400,3.2560E-005
1431.789200,3.2670E-005
1432.068000,3.2820E-005
1432.346800,3.1930E-005
1432.625600,3.2990E-005
1432.904400,3.3190E-005
1433.183200,3.4530E-005
1433.462000,3.4210E-005
1433.740800,3.4690E-005
1434.019600,3.4250E-005
1434.298400,3.3830E-005
1434.577200,3.4720E-005
1434.856000,3.5920E-005
1435.134800,3.6280E-005
1435.413600,3.5980E-005
1435.692400,3.6260E-005
1435.971200,3.6770E-005
1436.250000,3.6750E-005
1436.528800,3.7100E-005
1436.807600,3.7950E-005
1437.086400,3.8260E-005
1437.365200,3.8240E-005
1437.644000,3.8250E-005
1437.922800,3.7980E-005
1438.201600,3.9230E-005
1438.480400,4.0760E-005
1438.759200,4.0600E-005
1439.038000,4.0010E-005
1439.316800,3.9300E-005
1439.595600,4.0230E-005
1439.874400,4.1400E-005
1440.153200,4.1180E-005
1440.432000,4.1420E-005
1440.710800,4.1490E-005
1440.989600,4.2210E-005
1441.268400,4.2250E-005
1441.547200,4.1860E-005
1441.826000,4.3820E-005
1442.104800,4.3170E-005
1442.383600,4.5090E-005
1442.662400,4.4840E-005
1442.941200,4.5050E-005
1443.220000,4.6030E-005
1443.498800,4.6410E-005
1443.777600,4.6400E-005
1444.056400,4.5570E-005
1444.335200,4.6190E-005
1444.614000,4.6420E-005
1444.892800,4.7790E-005
1445.171600,4.6740E-005
1445.450400,4.5890E-005
1445.729200,4.5590E-005
1446.008000,4.8070E-005
1446.286800,5.0420E-005
1446.565600,5.0450E-005
1446.844400,5.1720E-005
1447.123200,5.2170E-005
1447.402000,5.1780E-005
1447.680800,5.2740E-005
1447.959600,5.1950E-005
1448.238400,5.3320E-005
1448.517200,5.2750E-005
1448.796000,5.3960E-005
1449.074800,5.3630E-005
1449.353600,5.5720E-005
1449.632400,5.5020E-005
1449.911200,5.7190E-005
1450.190000,5.5910E-005
1450.468800,5.6170E-005
1450.747600,5.6400E-005
1451.026400,5.9180E-005
1451.305200,6.1060E-005
1451.584000,6.1630E-005
1451.862800,6.1340E-005
1452.141600,5.9600E-005
1452.420400,6.2580E-005
1452.699200,6.1890E-005
1452.978000,6.3330E-005
1453.256800,6.2100E-005
1453.535600,6.3280E-005
1453.814400,6.2720E-005
1454.093200,6.3380E-005
1454.372000,6.4980E-005
1454.650800,6.5450E-005
1454.929600,6.8010E-005
1455.208400,6.7750E-005
1455.487200,7.0470E-005
1455.766000,7.2560E-005
1456.044800,7.3190E-005
1456.323600,7.5220E-005
1456.602400,7.4820E-005
1456.881200,7.5320E-005
1457.160000,7.5990E-005
1457.438800,7.6950E-005
1457.717600,7.5500E-005
1457.996400,7.6610E-005
1458.275200,7.7510E-005
1458.554000,7.9000E-005
1458.832800,7.9950E-005
1459.111600,8.2150E-005
1459.390400,8.1360E-005
1459.669200,8.5350E-005
1459.948000,8.4610E-005
1460.226800,8.5900E-005
1460.505600,9.0130E-005
1460.784400,8.9560E-005
1461.063200,9.1730E-005
1461.342000,9.1300E-005
1461.620800,9.3430E-005
1461.899600,9.4810E-005
1462.178400,9.4630E-005
1462.457200,9.5280E-005
1462.736000,9.6390E-005
1463.014800,9.5840E-005
1463.293600,9.6580E-005
1463.572400,1.0170E-004
1463.851200,1.0410E-004
1464.130000,1.0740E-004
1464.408800,1.1280E-004
1464.687600,1.1300E-004
1464.966400,1.1550E-004
1465.245200,1.1780E-004
1465.524000,1.2070E-004
1465.802800,1.2010E-004
1466.081600,1.2030E-004
1466.360400,1.2470E-004
1466.639200,1.2180E-004
1466.918000,1.2030E-004
1467.196800,1.2280E-004
1467.475600,1.2170E-004
1467.754400,1.2320E-004
1468.033200,1.2500E-004
1468.312000,1.3310E-004
1468.590800,1.3260E-004
1468.869600,1.3240E-004
1469.148400,1.4230E-004
1469.427200,1.4210E-004
1469.706000,1.4920E-004
1469.984800,1.5540E-004
1470.263600,1.5120E-004
1470.542400,1.5750E-004
1470.821200,1.5500E-004
1471.100000,1.6080E-004
1471.378800,1.6100E-004
1471.657600,1.6450E-004
1471.936400,1.6770E-004
1472.215200,1.6250E-004
1472.494000,1.6300E-004
1472.772800,1.6920E-004
1473.051600,1.7740E-004
1473.330400,1.7880E-004
1473.609200,1.8710E-004
1473.888000,1.9700E-004
1474.166800,1.9320E-004
1474.445600,2.0080E-004
1474.724400,2.0950E-004
1475.003200,2.0800E-004
1475.282000,2.1450E-004
1475.560800,2.1700E-004
1475.839600,2.1970E-004
1476.118400,2.1220E-004
1476.397200,2.2150E-004
1476.676000,2.2250E-004
1476.954800,2.1750E-004
1477.233600,2.2750E-004
1477.512400,2.2610E-004
1477.791200,2.3450E-004
1478.070000,2.3630E-004
1478.348800,2.4520E-004
1478.627600,2.5130E-004
1478.906400,2.5020E-004
1479.185200,2.6740E-004
1479.464000,2.7900E-004
1479.742800,2.6600E-004
1480.021600,2.9220E-004
1480.300400,2.7100E-004
1480.579200,2.9150E-004
1480.858000,2.8200E-004
1481.136800,2.6200E-004
1481.415600,2.9780E-004
1481.694400,2.7130E-004
1481.973200,3.1070E-004
1482.252000,2.8630E-004
1482.530800,3.0450E-004
1482.809600,3.1840E-004
1483.088400,3.0880E-004
1483.367200,3.3960E-004
1483.646000,3.2160E-004
1483.924800,3.5940E-004
1484.203600,3.5500E-004
1484.482400,3.4940E-004
1484.761200,3.7720E-004
1485.040000,3.7400E-004
1485.318800,3.9690E-004
1485.597600,3.6470E-004
1485.876400,3.7240E-004
1486.155200,4.0740E-004
1486.434000,3.7730E-004
1486.712800,4.2310E-004
1486.991600,4.1240E-004
1487.270400,3.9560E-004
1487.549200,4.5720E-004
1487.828000,4.1390E-004
1488.106800,4.5000E-004
1488.385600,4.3120E-004
1488.664400,4.3030E-004
1488.943200,4.9290E-004
1489.222000,4.8970E-004
1489.500800,4.9320E-004
1489.779600,4.9730E-004
1490.058400,4.8580E-004
1490.337200,5.6240E-004
1490.616000,5.1670E-004
1490.894800,5.3750E-004
1491.173600,5.1130E-004
1491.452400,5.2380E-004
1491.731200,5.1970E-004
1492.010000,5.0230E-004
1492.288800,5.1090E-004
1492.567600,5.0260E-004
1492.846400,5.3270E-004
1493.125200,5.4550E-004
1493.404000,5.7190E-004
1493.682800,6.3620E-004
1493.961600,6.1030E-004
1494.240400,6.4400E-004
1494.519200,6.9200E-004
1494.798000,7.0660E-004
1495.076800,8.0260E-004
1495.355600,7.4110E-004
1495.634400,7.3630E-004
1495.913200,8.4330E-004
1496.192000,7.2990E-004
1496.470800,7.0340E-004
1496.749600,7.4880E-004
1497.028400,7.0970E-004
1497.307200,7.6150E-004
1497.586000,7.1560E-004
1497.864800,7.5640E-004
1498.143600,7.0780E-004
1498.422400,8.1460E-004
1498.701200,8.2710E-004
1498.980000,7.4800E-004
1499.258800,8.6840E-004
1499.537600,8.2340E-004
1499.816400,8.8120E-004
1500.095200,8.5510E-004
1500.374000,7.8020E-004
1500.652800,8.4590E-004
1500.931600,7.8420E-004
1501.210400,7.8030E-004
1501.489200,8.2690E-004
1501.768000,7.7740E-004
1502.046800,8.0420E-004
1502.325600,8.4260E-004
1502.604400,8.9410E-004
1502.883200,9.8130E-004
1503.162000,1.0070E-003
1503.440800,1.1580E-003
1503.719600,1.2590E-003
1503.998400,1.2800E-003
1504.277200,1.4310E-003
1504.556000,1.3160E-003
1504.834800,1.2740E-003
1505.113600,1.4240E-003
1505.392400,1.2990E-003
1505.671200,1.4380E-003
1505.950000,1.2980E-003
1506.228800,1.1730E-003
1506.507600,1.2150E-003
1506.786400,1.1100E-003
1507.065200,1.0900E-003
1507.344000,1.0610E-003
1507.622800,1.0790E-003
1507.901600,1.0540E-003
1508.180400,1.1010E-003
1508.459200,1.2520E-003
1508.738000,1.1230E-003
1509.016800,1.2000E-003
1509.295600,1.3470E-003
1509.574400,1.2050E-003
1509.853200,1.2280E-003
1510.132000,1.2010E-003
1510.410800,1.0730E-003
1510.689600,1.2300E-003
1510.968400,1.2510E-003
1511.247200,1.1030E-003
1511.526000,1.2210E-003
1511.804800,1.3130E-003
1512.083600,1.2680E-003
1512.362400,1.5180E-003
1512.641200,1.4940E-003
1512.920000,1.7890E-003
1513.198800,1.7390E-003
1513.477600,2.0730E-003
1513.756400,2.0380E-003
1514.035200,1.8980E-003
1514.314000,2.5480E-003
1514.592800,1.9150E-003
1514.871600,2.0130E-003
1515.150400,2.4880E-003
1515.429200,1.7010E-003
1515.708000,2.1140E-003
1515.986800,1.9320E-003
1516.265600,1.5570E-003
1516.544400,1.7590E-003
1516.823200,1.4430E-003
1517.102000,1.4580E-003
1517.380800,1.5720E-003
1517.659600,1.4880E-003
1517.938400,1.5460E-003
1518.217200,1.5580E-003
1518.496000,1.5150E-003
1518.774800,1.6370E-003
1519.053600,1.5110E-003
1519.332400,1.6600E-003
1519.611200,1.7220E-003
1519.890000,1.5050E-003
1520.168800,1.6040E-003
1520.447600,1.4610E-003
1520.726400,1.3650E-003
1521.005200,1.7760E-003
1521.284000,1.7120E-003
1521.562800,1.7560E-003
1521.841600,2.0250E-003
1522.120400,2.1310E-003
1522.399200,2.3950E-003
1522.678000,2.2610E-003
1522.956800,2.9080E-003
1523.235600,2.8260E-003
1523.514400,2.9090E-003
1523.793200,3.5880E-003
1524.072000,2.8250E-003
1524.350800,3.3080E-003
1524.629600,3.2750E-003
1524.908400,2.6010E-003
1525.187200,3.0750E-003
1525.466000,2.5770E-003
1525.744800,2.0990E-003
1526.023600,2.4650E-003
1526.302400,1.9130E-003
1526.581200,2.1780E-003
1526.860000,2.2080E-003
1527.138800,1.9900E-003
1527.417600,2.1820E-003
1527.696400,2.1230E-003
1527.975200,2.0970E-003
1528.254000,2.3600E-003
1528.532800,2.3500E-003
1528.811600,2.6890E-003
1529.090400,2.5750E-003
1529.369200,2.7340E-003
1529.648000,2.6440E-003
1529.926800,2.6510E-003
1530.205600,2.9240E-003
1530.484400,2.7990E-003
1530.763200,2.7760E-003
1531.042000,3.3640E-003
1531.320800,2.9040E-003
1531.599600,3.1740E-003
1531.878400,3.6730E-003
1532.157200,2.8140E-003
1532.436000,3.3910E-003
1532.714800,3.7170E-003
1532.993600,3.0480E-003
1533.272400,3.2770E-003
1533.551200,3.6520E-003
1533.830000,3.0900E-003
1534.108800,3.0490E-003
1534.387600,2.7490E-003
1534.666400,2.7880E-003
1534.945200,2.3670E-003
1535.224000,2.3090E-003
1535.502800,2.7380E-003
1535.781600,2.1950E-003
1536.060400,2.8740E-003
1536.339200,3.1130E-003
1536.618000,2.6410E-003
1536.896800,3.5400E-003
1537.175600,3.2210E-003
1537.454400,2.8870E-003
1537.733200,3.1740E-003
1538.012000,3.3250E-003
1538.290800,3.9460E-003
1538.569600,3.2270E-003
1538.848400,3.9090E-003
1539.127200,3.9530E-003
1539.406000,3.7380E-003
1539.684800,3.9700E-003
1539.963600,3.5110E-003
1540.242400,4.1070E-003
1540.521200,4.8130E-003
1540.800000,3.4280E-003
1541.078800,2.5720E-003
1541.357600,3.1210E-003
1541.636400,3.5900E-003
1541.915200,3.8950E-003
1542.194000,4.1280E-003
1542.472800,4.3060E-003
1542.751600,5.7870E-003
1543.030400,7.4640E-003
1543.309200,1.0360E-002
1543.588000,1.2340E-002
1543.866800,8.7390E-003
1544.145600,8.3030E-003
1544.424400,9.4010E-003
1544.703200,5.1870E-003
1544.982000,3.9180E-003
1545.260800,4.3060E-003
1545.539600,4.2470E-003
1545.818400,4.9590E-003
1546.097200,4.2570E-003
1546.376000,3.6380E-003
1546.654800,3.4870E-003
1546.933600,3.4230E-003
1547.212400,3.8820E-003
1547.491200,4.7650E-003
1547.770000,5.1240E-003
1548.048800,5.7440E-003
1548.327600,4.7160E-003
1548.606400,4.7740E-003
1548.885200,5.0960E-003
1549.164000,5.5640E-003
1549.442800,5.1560E-003
1549.721600,5.9100E-003
1550.000400,5.1840E-003
1550.279200,5.6000E-003
1550.558000,4.3240E-003
1550.836800,3.7700E-003
1551.115600,3.4800E-003
1551.394400,3.3970E-003
1551.673200,3.2040E-003
1551.952000,3.2430E-003
1552.230800,3.5110E-003
1552.509600,4.6160E-003
1552.788400,6.2050E-003
1553.067200,4.7460E-003
1553.346000,5.8030E-003
1553.624800,5.2630E-003
1553.903600,5.1350E-003
1554.182400,5.7420E-003
1554.461200,4.4880E-003
1554.740000,5.4080E-003
1555.018800,4.9560E-003
1555.297600,3.7740E-003
1555.576400,4.4860E-003
1555.855200,4.5220E-003
1556.134000,5.3840E-003
1556.412800,6.6370E-003
1556.691600,6.1420E-003
1556.970400,6.5810E-003
1557.249200,4.8880E-003
1557.528000,3.8820E-003
1557.806800,3.6710E-003
1558.085600,4.2950E-003
1558.364400,4.7040E-003
1558.643200,7.0080E-003
1558.922000,6.6510E-003
1559.200800,6.1500E-003
1559.479600,5.8070E-003
1559.758400,4.3050E-003
1560.037200,4.5070E-003
1560.316000,4.2780E-003
1560.594800,5.3130E-003
1560.873600,8.5190E-003
1561.152400,8.6130E-003
1561.431200,6.5490E-003
1561.710000,8.7870E-003
1561.988800,6.1730E-003
1562.267600,3.9380E-003
1562.546400,3.6240E-003
1562.825200,4.0630E-003
1563.104000,3.6020E-003
1563.382800,4.4020E-003
1563.661600,4.0720E-003
1563.940400,4.7240E-003
1564.219200,4.7770E-003
1564.498000,4.1750E-003
1564.776800,3.9020E-003
1565.055600,3.2120E-003
1565.334400,2.6930E-003
1565.613200,2.6960E-003
1565.892000,3.2700E-003
1566.170800,3.9270E-003
1566.449600,4.1170E-003
1566.728400,3.7390E-003
1567.007200,3.5850E-003
1567.286000,3.5660E-003
1567.564800,3.1080E-003
1567.843600,3.2490E-003
1568.122400,3.7790E-003
1568.401200,4.8390E-003
1568.680000,5.5560E-003
1568.958800,4.1160E-003
1569.237600,3.9610E-003
1569.516400,3.9100E-003
1569.795200,3.3440E-003
1570.074000,3.8340E-003
1570.352800,3.3340E-003
1570.631600,3.4800E-003
1570.910400,3.2830E-003
1571.189200,2.8570E-003
1571.468000,2.6920E-003
1571.746800,3.1110E-003
1572.025600,3.1170E-003
1572.304400,3.9600E-003
1572.583200,4.3720E-003
1572.862000,3.3510E-003
1573.140800,3.1900E-003
1573.419600,3.7300E-003
1573.698400,4.0440E-003
1573.977200,3.7320E-003
1574.256000,3.5080E-003
1574.534800,3.6620E-003
1574.813600,3.6100E-003
1575.092400,3.6970E-003
1575.371200,3.1600E-003
1575.650000,3.3780E-003
1575.928800,3.2420E-003
1576.207600,2.8700E-003
1576.486400,3.0650E-003
1576.765200,3.1420E-003
1577.044000,2.9650E-003
1577.322800,2.9550E-003
1577.601600,3.2010E-003
1577.880400,3.3770E-003
1578.159200,3.5350E-003
1578.438000,4.3730E-003
1578.716800,4.5300E-003
1578.995600,4.1760E-003
1579.274400,5.2680E-003
1579.553200,4.1400E-003
1579.832000,4.4800E-003
1580.110800,4.6690E-003
1580.389600,4.3790E-003
1580.668400,4.0980E-003
1580.947200,4.6990E-003
1581.226000,4.3480E-003
1581.504800,3.6080E-003
1581.783600,4.0790E-003
1582.062400,4.6550E-003
1582.341200,3.9510E-003
1582.620000,4.1470E-003
1582.898800,4.3250E-003
1583.177600,4.0960E-003
1583.456400,4.2790E-003
1583.735200,5.3960E-003
1584.014000,4.6270E-003
1584.292800,4.8250E-003
1584.571600,4.6890E-003
1584.850400,3.8240E-003
1585.129200,4.1440E-003
1585.408000,3.9180E-003
1585.686800,3.3930E-003
1585.965600,3.5680E-003
1586.244400,3.2440E-003
1586.523200,3.0810E-003
1586.802000,3.0750E-003
1587.080800,3.0880E-003
1587.359600,3.2310E-003
1587.638400,3.0900E-003
1587.917200,3.1400E-003
1588.196000,2.7430E-003
1588.474800,3.5450E-003
1588.753600,3.8390E-003
1589.032400,3.2560E-003
1589.311200,3.9370E-003
1589.590000,3.7820E-003
1589.868800,3.4140E-003
1590.147600,3.9260E-003
1590.426400,4.0250E-003
1590.705200,3.8370E-003
1590.984000,3.7010E-003
1591.262800,3.9540E-003
1591.541600,4.2110E-003
1591.820400,3.7280E-003
1592.099200,3.6170E-003
1592.378000,4.4450E-003
1592.656800,3.8810E-003
1592.935600,4.2980E-003
1593.214400,4.6190E-003
1593.493200,4.0110E-003
1593.772000,4.4670E-003
1594.050800,4.5610E-003
1594.329600,4.2650E-003
1594.608400,4.5090E-003
1594.887200,4.9780E-003
1595.166000,4.0430E-003
1595.444800,3.8840E-003
1595.723600,3.9330E-003
1596.002400,3.4490E-003
1596.281200,3.4000E-003
1596.560000,3.0400E-003
1596.838800,2.8780E-003
1597.117600,2.6310E-003
1597.396400,2.5480E-003
1597.675200,2.3180E-003
1597.954000,2.3280E-003
1598.232800,2.1670E-003
1598.511600,2.1840E-003
1598.790400,2.3670E-003
1599.069200,2.3580E-003
1599.348000,2.3530E-003
1599.626800,2.2770E-003
1599.905600,2.4610E-003
1600.184400,2.5150E-003
1600.463200,2.4370E-003
1600.742000,2.4920E-003
1601.020800,2.5400E-003
1601.299600,2.4170E-003
1601.578400,2.5710E-003
1601.857200,2.4780E-003
1602.136000,2.4230E-003
1602.414800,2.2860E-003
1602.693600,2.8470E-003
1602.972400,2.8400E-003
1603.251200,2.5500E-003
1603.530000,3.2040E-003
1603.808800,2.8910E-003
1604.087600,3.3240E-003
1604.366400,3.6630E-003
1604.645200,3.3840E-003
1604.924000,3.2050E-003
1605.202800,2.9430E-003
1605.481600,3.1230E-003
1605.760400,2.9210E-003
1606.039200,2.8170E-003
1606.318000,2.5050E-003
1606.596800,2.2120E-003
1606.875600,2.1520E-003
1607.154400,1.8190E-003
1607.433200,1.6340E-003
1607.712000,1.5220E-003
1607.990800,1.4080E-003
1608.269600,1.4460E-003
1608.548400,1.3120E-003
1608.827200,1.4640E-003
1609.106000,1.3110E-003
1609.384800,1.5070E-003
1609.663600,1.6790E-003
1609.942400,1.5670E-003
1610.221200,1.7740E-003
1610.500000,1.7690E-003
1610.778800,1.7430E-003
1611.057600,1.7990E-003
1611.336400,1.7030E-003
1611.615200,1.5440E-003
1611.894000,1.6090E-003
1612.172800,1.5210E-003
1612.451600,1.7000E-003
1612.730400,1.5400E-003
1613.009200,1.4980E-003
1613.288000,1.7160E-003
1613.566800,1.7600E-003
1613.845600,1.8830E-003
1614.124400,2.1040E-003
1614.403200,2.1180E-003
1614.682000,1.9770E-003
1614.960800,2.2180E-003
1615.239600,2.3270E-003
1615.518400,2.1890E-003
1615.797200,2.2770E-003
1616.076000,2.1880E-003
1616.354800,1.9210E-003
1616.633600,1.9170E-003
1616.912400,1.7570E-003
1617.191200,1.4920E-003
1617.470000,1.5070E-003
1617.748800,1.3450E-003
1618.027600,1.1850E-003
1618.306400,1.1410E-003
1618.585200,1.1280E-003
1618.864000,1.0860E-003
1619.142800,1.1350E-003
1619.421600,1.1610E-003
1619.700400,1.1990E-003
1619.979200,1.3530E-003
1620.258000,1.2590E-003
1620.536800,1.4680E-003
1620.815600,1.4530E-003
1621.094400,1.4590E-003
1621.373200,1.4390E-003
1621.652000,1.5220E-003
1621.930800,1.3590E-003
1622.209600,1.2960E-003
1622.488400,1.3190E-003
1622.767200,1.2420E-003
1623.046000,1.1940E-003
1623.324800,1.1440E-003
1623.603600,1.2000E-003
1623.882400,1.1370E-003
1624.161200,1.2040E-003
1624.440000,1.1950E-003
1624.718800,1.3000E-003
1624.997600,1.3690E-003
1625.276400,1.3490E-003
1625.555200,1.5570E-003
1625.834000,1.5870E-003
1626.112800,1.5200E-003
1626.391600,1.5420E-003
1626.670400,1.5190E-003
1626.949200,1.4380E-003
1627.228000,1.4000E-003
1627.506800,1.4610E-003
1627.785600,1.2440E-003
1628.064400,1.1290E-003
1628.343200,1.2300E-003
1628.622000,1.2340E-003
1628.900800,1.0230E-003
1629.179600,1.1490E-003
1629.458400,1.0190E-003
1629.737200,1.0030E-003
1630.016000,1.0380E-003
1630.294800,9.9190E-004
1630.573600,1.1100E-003
1630.852400,1.2340E-003
1631.131200,1.1050E-003
1631.410000,1.2860E-003
1631.688800,1.2730E-003
1631.967600,1.2520E-003
1632.246400,1.1940E-003
1632.525200,1.2940E-003
1632.804000,1.1710E-003
1633.082800,1.0930E-003
1633.361600,1.1430E-003
1633.640400,9.6850E-004
1633.919200,1.0410E-003
1634.198000,9.7980E-004
1634.476800,9.1760E-004
1634.755600,8.7580E-004
1635.034400,8.9470E-004
1635.313200,8.7330E-004
1635.592000,1.0090E-003
1635.870800,1.0080E-003
1636.149600,9.5910E-004
1636.428400,9.6840E-004
1636.707200,1.1910E-003
1636.986000,1.1460E-003
1637.264800,1.2570E-003
1637.543600,1.2920E-003
1637.822400,1.2180E-003
1638.101200,1.1460E-003
1638.380000,1.1390E-003
1638.658800,1.1500E-003
1638.937600,1.0650E-003
1639.216400,1.2100E-003
1639.495200,9.5560E-004
1639.774000,9.4480E-004
1640.052800,1.0140E-003
1640.331600,9.2270E-004
1640.610400,8.3630E-004
1640.889200,1.0200E-003
1641.168000,9.9820E-004
1641.446800,1.0060E-003
1641.725600,9.8570E-004
1642.004400,9.9330E-004
1642.283200,9.1090E-004
1642.562000,1.0230E-003
1642.840800,1.0180E-003
1643.119600,9.9890E-004
1643.398400,9.7190E-004
1643.677200,8.8200E-004
1643.956000,9.5150E-004
1644.234800,1.0350E-003
1644.513600,9.0160E-004
1644.792400,8.1700E-004
1645.071200,9.1610E-004
1645.350000,8.4640E-004
1645.628800,7.6430E-004
1645.907600,9.0540E-004
1646.186400,8.6430E-004
1646.465200,8.9070E-004
1646.744000,8.1260E-004
1647.022800,8.9790E-004
1647.301600,8.1690E-004
1647.580400,9.3790E-004
1647.859200,9.3460E-004
1648.138000,8.2710E-004
1648.416800,9.1340E-004
1648.695600,8.8540E-004
1648.974400,9.3140E-004
1649.253200,9.4820E-004
1649.532000,9.8770E-004
1649.810800,8.2720E-004
1650.089600,9.7070E-004
1650.368400,8.8880E-004
1650.647200,8.2730E-004
1650.926000,9.0060E-004
1651.204800,8.8610E-004
1651.483600,8.7420E-004
1651.762400,8.2690E-004
1652.041200,7.1900E-004
1652.320000,8.2310E-004
1652.598800,7.6160E-004
1652.877600,7.4390E-004
1653.156400,7.2870E-004
1653.435200,8.1870E-004
1653.714000,7.5360E-004
1653.992800,7.3330E-004
1654.271600,7.0350E-004
1654.550400,7.7670E-004
1654.829200,6.4510E-004
1655.108000,6.7850E-004
1655.386800,7.1830E-004
1655.665600,7.1290E-004
1655.944400,6.2110E-004
1656.223200,6.7800E-004
1656.502000,6.5610E-004
1656.780800,6.0930E-004
1657.059600,6.7840E-004
1657.338400,6.0820E-004
1657.617200,7.3070E-004
1657.896000,6.4220E-004
1658.174800,6.2730E-004
1658.453600,6.9980E-004
1658.732400,6.7540E-004
1659.011200,6.9340E-004
1659.290000,7.2270E-004
1659.568800,6.7110E-004
1659.847600,6.0290E-004
1660.126400,6.6130E-004
1660.405200,6.7690E-004
1660.684000,5.7340E-004
1660.962800,6.0090E-004
1661.241600,6.0830E-004
1661.520400,5.7430E-004
1661.799200,5.4030E-004
1662.078000,6.1650E-004
1662.356800,5.4420E-004
1662.635600,5.6120E-004
1662.914400,5.9050E-004
1663.193200,4.8820E-004
1663.472000,5.4310E-004
1663.750800,4.7460E-004
1664.029600,5.4470E-004
1664.308400,5.4090E-004
1664.587200,4.9070E-004
1664.866000,5.1940E-004
1665.144800,4.6820E-004
1665.423600,5.1960E-004
1665.702400,5.0130E-004
1665.981200,5.1410E-004
1666.260000,4.8230E-004
1666.538800,4.8790E-004
1666.817600,4.9600E-004
1667.096400,4.8460E-004
1667.375200,4.5430E-004
1667.654000,4.5940E-004
1667.932800,4.5520E-004
1668.211600,4.1990E-004
1668.490400,4.2540E-004
1668.769200,4.4690E-004
1669.048000,4.2740E-004
1669.326800,4.0890E-004
1669.605600,4.1830E-004
1669.884400,4.1300E-004
1670.163200,3.9550E-004
1670.442000,4.3630E-004
1670.720800,3.8430E-004
1670.999600,3.8100E-004
1671.278400,3.9230E-004
1671.557200,3.9840E-004
1671.836000,4.0220E-004
1672.114800,3.4450E-004
1672.393600,4.0940E-004
1672.672400,3.8110E-004
1672.951200,3.5380E-004
1673.230000,3.7700E-004
1673.508800,3.3370E-004
1673.787600,3.4720E-004
1674.066400,3.4060E-004
1674.345200,3.1350E-004
1674.624000,3.1520E-004
1674.902800,3.1220E-004
1675.181600,3.2330E-004
1675.460400,2.9700E-004
1675.739200,3.0950E-004
1676.018000,2.8820E-004
1676.296800,2.9130E-004
1676.575600,3.2570E-004
1676.854400,2.8980E-004
1677.133200,3.1140E-004
1677.412000,2.9120E-004
1677.690800,2.9280E-004
1677.969600,2.9040E-004
1678.248400,2.6690E-004
1678.527200,3.0090E-004
1678.806000,2.8130E-004
1679.084800,2.8760E-004
1679.363600,2.7730E-004
1679.642400,2.6110E-004
1679.921200,2.9180E-004
1680.200000,2.7130E-004
1680.478800,2.7420E-004
1680.757600,2.6590E-004
1681.036400,2.6090E-004
1681.315200,2.6240E-004
1681.594000,2.6010E-004
1681.872800,2.5140E-004
1682.151600,2.4140E-004
1682.430400,2.5700E-004
1682.709200,2.4620E-004
1682.988000,2.4170E-004
1683.266800,2.3390E-004
1683.545600,2.3890E-004
1683.824400,2.4610E-004
1684.103200,2.3230E-004
1684.382000,2.2770E-004
1684.660800,2.1360E-004
1684.939600,2.1450E-004
1685.218400,2.0990E-004
1685.497200,2.0930E-004
1685.776000,2.0150E-004
1686.054800,2.0180E-004
1686.333600,2.1490E-004
1686.612400,2.0370E-004
1686.891200,2.2060E-004
1687.170000,2.0690E-004
1687.448800,2.0240E-004
1687.727600,1.9800E-004
1688.006400,1.9390E-004
1688.285200,1.9490E-004
1688.564000,1.9060E-004
1688.842800,1.8460E-004
1689.121600,1.8890E-004
1689.400400,1.8040E-004
1689.679200,1.9000E-004
1689.958000,1.8550E-004
1690.236800,1.7670E-004
1690.515600,1.8040E-004
1690.794400,1.7750E-004
1691.073200,1.7310E-004
1691.352000,1.6460E-004
1691.630800,1.6300E-004
1691.909600,1.6810E-004
1692.188400,1.6520E-004
1692.467200,1.6130E-004
1692.746000,1.6320E-004
1693.024800,1.7300E-004
1693.303600,1.5970E-004
1693.582400,1.6510E-004
1693.861200,1.6920E-004
1694.140000,1.5190E-004
1694.418800,1.4860E-004
1694.697600,1.5740E-004
1694.976400,1.5890E-004
1695.255200,1.5280E-004
1695.534000,1.4500E-004
1695.812800,1.5160E-004
1696.091600,1.4670E-004
1696.370400,1.3870E-004
1696.649200,1.4060E-004
1696.928000,1.4700E-004
1697.206800,1.3720E-004
1697.485600,1.3570E-004
1697.764400,1.4050E-004
1698.043200,1.3160E-004
1698.322000,1.3440E-004
1698.600800,1.2620E-004
1698.879600,1.2720E-004
1699.158400,1.2430E-004
1699.437200,1.2450E-004
1699.716000,1.3020E-004
1699.994800,1.2680E-004
1700.273600,1.2550E-004
1700.552400,1.2250E-004
1700.831200,1.2040E-004
1701.110000,1.1960E-004
1701.388800,1.1920E-004
1701.667600,1.1060E-004
1701.946400,1.1370E-004
1702.225200,1.1140E-004
1702.504000,1.1140E-004
1702.782800,1.0930E-004
1703.061600,1.0860E-004
1703.340400,1.0800E-004
1703.619200,1.1330E-004
1703.898000,1.0450E-004
1704.176800,1.0610E-004
1704.455600,1.0190E-004
1704.734400,1.0310E-004
1705.013200,9.9640E-005
1705.292000,1.0190E-004
1705.570800,1.0100E-004
1705.849600,1.0000E-004
1706.128400,9.7290E-005
1706.407200,1.0330E-004
1706.686000,9.7550E-005
1706.964800,9.8100E-005
1707.243600,9.5690E-005
1707.522400,9.5200E-005
1707.801200,9.3470E-005
1708.080000,9.1430E-005
1708.358800,9.3630E-005
1708.637600,9.2970E-005
1708.916400,9.2470E-005
1709.195200,8.9630E-005
1709.474000,8.7690E-005
1709.752800,8.7760E-005
1710.031600,8.6000E-005
1710.310400,8.4900E-005
1710.589200,8.3850E-005
1710.868000,8.4120E-005
1711.146800,8.5520E-005
1711.425600,8.2890E-005
1711.704400,8.0190E-005
1711.983200,7.8110E-005
1712.262000,8.1110E-005
1712.540800,7.8510E-005
1712.819600,7.8170E-005
1713.098400,7.6500E-005
1713.377200,7.9180E-005
1713.656000,7.7790E-005
1713.934800,7.6350E-005
1714.213600,7.3440E-005
1714.492400,7.5890E-005
1714.771200,7.3430E-005
1715.050000,7.0410E-005
1715.328800,7.1320E-005
1715.607600,7.3090E-005
1715.886400,6.8660E-005
1716.165200,6.8860E-005
1716.444000,6.8760E-005
1716.722800,7.1260E-005
1717.001600,6.9120E-005
1717.280400,6.8520E-005
1717.559200,7.0890E-005
1717.838000,6.7500E-005
1718.116800,6.7100E-005
1718.395600,6.7340E-005
1718.674400,6.5320E-005
1718.953200,6.4310E-005
1719.232000,6.4120E-005
1719.510800,6.2570E-005
1719.789600,6.4090E-005
1720.068400,6.4370E-005
1720.347200,6.4120E-005
1720.626000,6.1800E-005
1720.904800,6.1460E-005
1721.183600,6.0490E-005
1721.462400,6.2440E-005
1721.741200,5.8610E-005
1722.020000,6.0960E-005
1722.298800,6.0720E-005
1722.577600,5.9950E-005
1722.856400,5.8790E-005
1723.135200,5.8370E-005
1723.414000,5.5540E-005
1723.692800,5.6320E-005
1723.971600,6.0290E-005
1724.250400,5.8120E-005
1724.529200,5.7500E-005
1724.808000,5.6310E-005
1725.086800,5.9080E-005
1725.365600,5.8340E-005
1725.644400,5.7330E-005
1725.923200,5.7050E-005
1726.202000,5.4120E-005
1726.480800,5.5880E-005
1726.759600,5.4050E-005
1727.038400,5.2390E-005
1727.317200,5.4930E-005
1727.596000,5.2800E-005
1727.874800,5.5040E-005
1728.153600,5.3900E-005
1728.432400,5.2030E-005
1728.711200,5.1450E-005
1728.990000,5.3720E-005
1729.268800,5.3460E-005
1729.547600,5.4780E-005
1729.826400,5.0190E-005
1730.105200,5.0850E-005
1730.384000,5.0710E-005
1730.662800,5.1970E-005
1730.941600,5.0110E-005
1731.220400,5.2270E-005
1731.499200,5.1180E-005
1731.778000,5.2220E-005
1732.056800,5.2500E-005
1732.335600,4.8350E-005
1732.614400,4.8770E-005
1732.893200,4.8260E-005
1733.172000,4.8450E-005
1733.450800,4.5880E-005
1733.729600,5.0840E-005
1734.008400,4.7550E-005
1734.287200,4.8960E-005
1734.566000,4.7380E-005
1734.844800,4.8010E-005
1735.123600,4.7340E-005
1735.402400,4.6270E-005
1735.681200,4.7020E-005
1735.960000,4.6620E-005
1736.238800,4.8910E-005
1736.517600,4.3190E-005
1736.796400,4.3580E-005
1737.075200,4.8810E-005
1737.354000,4.3080E-005
1737.632800,4.5690E-005
1737.911600,4.2990E-005
1738.190400,4.5210E-005
1738.469200,4.6180E-005
1738.748000,4.7660E-005
1739.026800,4.2490E-005
1739.305600,4.2740E-005
1739.584400,4.5530E-005
1739.863200,4.4160E-005
1740.142000,4.5280E-005
1740.420800,4.3390E-005
1740.699600,4.2110E-005
1740.978400,4.3900E-005
1741.257200,4.0030E-005
1741.536000,4.3370E-005
1741.814800,4.3340E-005
1742.093600,4.5220E-005
1742.372400,4.1240E-005
1742.651200,4.1830E-005
1742.930000,4.5700E-005
1743.208800,3.9780E-005
1743.487600,4.1840E-005
1743.766400,4.0520E-005
1744.045200,4.0890E-005
1744.324000,3.9190E-005
1744.602800,4.0920E-005
1744.881600,3.7830E-005
1745.160400,4.2370E-005
1745.439200,4.1930E-005
1745.718000,3.9550E-005
1745.996800,4.0450E-005
1746.275600,4.0420E-005
1746.554400,3.9860E-005
1746.833200,3.8560E-005
1747.112000,3.7660E-005
1747.390800,3.4660E-005
1747.669600,3.9020E-005
1747.948400,3.8840E-005
1748.227200,3.4940E-005
1748.506000,3.4600E-005
1748.784800,3.7600E-005
1749.063600,3.4230E-005
1749.342400,3.5680E-005
1749.621200,3.5680E-005
1749.900000,3.5370E-005
