File,MUESTRA_0_1_39.csv,
Date/Time,23-02-16/17:26,

Center Wavelength,1471.1,nm
Span Wavelength,557.6,nm
Start Wavelength,1192.3,nm
Stop Wavelength,1749.9,nm
Value In Air/Vacuum,Vacuum,
Optical Attenuater,Off,
Resolution,0.5,nm
Actual Resolution,0.494,nm
VBW,2000,Hz
Point Average,Off,
Sweep Average,1,
Smooth,Off,
Sampling Points,2001,pt
Trace Type,Write,
Trace Storage Mode,Off,
Trace Calculate Trace 1,-,
Trace Calculate Trace 2,-,
Dynamic Range,Normal,
Ext-Trigger,Off,
Interval Time,Off,
MM Mode,Off,

Trace,A
Start,1192.3,nm
Stop,1749.9,nm
1192.300000,8.7590E-007
1192.578800,8.3770E-007
1192.857600,8.4990E-007
1193.136400,7.8940E-007
1193.415200,8.3770E-007
1193.694000,9.2150E-007
1193.972800,8.4810E-007
1194.251600,8.4190E-007
1194.530400,8.1550E-007
1194.809200,8.3890E-007
1195.088000,8.1190E-007
1195.366800,9.0420E-007
1195.645600,8.6550E-007
1195.924400,8.5710E-007
1196.203200,8.4210E-007
1196.482000,7.6310E-007
1196.760800,8.2870E-007
1197.039600,7.6450E-007
1197.318400,8.1080E-007
1197.597200,8.4330E-007
1197.876000,8.1960E-007
1198.154800,8.5440E-007
1198.433600,8.3130E-007
1198.712400,8.1850E-007
1198.991200,8.2690E-007
1199.270000,8.2860E-007
1199.548800,8.1600E-007
1199.827600,8.8170E-007
1200.106400,8.0060E-007
1200.385200,8.0740E-007
1200.664000,8.0950E-007
1200.942800,8.2850E-007
1201.221600,8.2960E-007
1201.500400,8.3430E-007
1201.779200,8.7270E-007
1202.058000,8.2150E-007
1202.336800,8.5710E-007
1202.615600,8.4030E-007
1202.894400,8.4510E-007
1203.173200,8.4380E-007
1203.452000,7.9910E-007
1203.730800,8.8590E-007
1204.009600,7.8670E-007
1204.288400,8.1570E-007
1204.567200,8.4970E-007
1204.846000,8.1710E-007
1205.124800,8.3650E-007
1205.403600,7.8730E-007
1205.682400,8.0060E-007
1205.961200,8.2710E-007
1206.240000,8.3490E-007
1206.518800,8.2130E-007
1206.797600,8.2590E-007
1207.076400,7.8750E-007
1207.355200,7.9410E-007
1207.634000,8.4680E-007
1207.912800,8.2630E-007
1208.191600,8.1690E-007
1208.470400,7.9310E-007
1208.749200,7.7880E-007
1209.028000,8.3720E-007
1209.306800,8.6070E-007
1209.585600,7.8660E-007
1209.864400,8.3130E-007
1210.143200,8.7460E-007
1210.422000,8.5750E-007
1210.700800,8.4900E-007
1210.979600,8.0650E-007
1211.258400,7.7300E-007
1211.537200,7.9220E-007
1211.816000,7.8940E-007
1212.094800,8.5640E-007
1212.373600,8.3080E-007
1212.652400,8.3990E-007
1212.931200,8.0620E-007
1213.210000,8.1090E-007
1213.488800,8.2150E-007
1213.767600,8.1210E-007
1214.046400,8.1340E-007
1214.325200,8.3100E-007
1214.604000,8.4940E-007
1214.882800,7.9820E-007
1215.161600,7.9940E-007
1215.440400,8.0960E-007
1215.719200,7.9720E-007
1215.998000,7.9510E-007
1216.276800,8.0210E-007
1216.555600,8.3580E-007
1216.834400,7.9140E-007
1217.113200,7.5460E-007
1217.392000,7.8030E-007
1217.670800,8.1440E-007
1217.949600,8.2050E-007
1218.228400,7.9170E-007
1218.507200,7.7980E-007
1218.786000,7.5540E-007
1219.064800,7.5600E-007
1219.343600,8.1320E-007
1219.622400,8.2550E-007
1219.901200,7.8590E-007
1220.180000,8.1670E-007
1220.458800,7.9500E-007
1220.737600,7.8260E-007
1221.016400,8.3520E-007
1221.295200,7.4240E-007
1221.574000,8.0600E-007
1221.852800,7.9930E-007
1222.131600,7.7110E-007
1222.410400,8.3100E-007
1222.689200,7.9080E-007
1222.968000,7.8220E-007
1223.246800,7.8770E-007
1223.525600,8.1160E-007
1223.804400,8.0570E-007
1224.083200,7.3550E-007
1224.362000,8.1270E-007
1224.640800,8.2400E-007
1224.919600,7.8660E-007
1225.198400,8.3470E-007
1225.477200,7.9720E-007
1225.756000,8.2450E-007
1226.034800,7.7670E-007
1226.313600,7.9080E-007
1226.592400,7.5300E-007
1226.871200,7.6610E-007
1227.150000,7.6220E-007
1227.428800,7.5790E-007
1227.707600,8.1350E-007
1227.986400,8.1140E-007
1228.265200,7.6160E-007
1228.544000,7.7310E-007
1228.822800,8.2980E-007
1229.101600,7.8210E-007
1229.380400,7.6400E-007
1229.659200,8.1560E-007
1229.938000,7.9350E-007
1230.216800,7.2110E-007
1230.495600,8.0700E-007
1230.774400,8.2800E-007
1231.053200,7.8840E-007
1231.332000,7.9380E-007
1231.610800,7.5610E-007
1231.889600,7.5240E-007
1232.168400,8.0400E-007
1232.447200,7.7400E-007
1232.726000,7.8500E-007
1233.004800,7.9730E-007
1233.283600,8.2410E-007
1233.562400,7.8360E-007
1233.841200,7.5710E-007
1234.120000,7.5750E-007
1234.398800,7.7320E-007
1234.677600,7.9650E-007
1234.956400,7.7770E-007
1235.235200,8.0950E-007
1235.514000,7.6870E-007
1235.792800,7.2810E-007
1236.071600,8.1280E-007
1236.350400,8.0220E-007
1236.629200,7.6980E-007
1236.908000,7.7110E-007
1237.186800,8.2840E-007
1237.465600,7.3680E-007
1237.744400,7.5440E-007
1238.023200,7.3470E-007
1238.302000,7.7740E-007
1238.580800,7.4700E-007
1238.859600,7.7650E-007
1239.138400,7.1930E-007
1239.417200,7.5590E-007
1239.696000,7.3450E-007
1239.974800,7.6220E-007
1240.253600,7.8790E-007
1240.532400,7.5150E-007
1240.811200,7.6830E-007
1241.090000,7.4900E-007
1241.368800,7.8070E-007
1241.647600,7.7680E-007
1241.926400,7.3160E-007
1242.205200,7.5560E-007
1242.484000,7.4230E-007
1242.762800,7.9240E-007
1243.041600,7.9430E-007
1243.320400,7.1320E-007
1243.599200,7.1320E-007
1243.878000,7.7510E-007
1244.156800,7.6320E-007
1244.435600,6.9820E-007
1244.714400,7.1720E-007
1244.993200,7.6470E-007
1245.272000,7.6460E-007
1245.550800,7.3190E-007
1245.829600,6.9680E-007
1246.108400,7.6130E-007
1246.387200,7.4710E-007
1246.666000,7.4700E-007
1246.944800,7.4110E-007
1247.223600,7.2330E-007
1247.502400,7.2970E-007
1247.781200,7.5840E-007
1248.060000,7.3400E-007
1248.338800,6.9000E-007
1248.617600,7.5820E-007
1248.896400,7.5970E-007
1249.175200,7.2370E-007
1249.454000,7.4990E-007
1249.732800,7.2300E-007
1250.011600,7.5320E-007
1250.290400,7.0100E-007
1250.569200,7.4940E-007
1250.848000,7.5630E-007
1251.126800,7.3900E-007
1251.405600,7.1470E-007
1251.684400,7.3690E-007
1251.963200,7.5250E-007
1252.242000,7.3940E-007
1252.520800,7.4130E-007
1252.799600,7.2140E-007
1253.078400,7.8050E-007
1253.357200,7.0550E-007
1253.636000,7.4280E-007
1253.914800,7.0370E-007
1254.193600,7.0480E-007
1254.472400,7.7490E-007
1254.751200,7.0640E-007
1255.030000,6.9390E-007
1255.308800,7.2840E-007
1255.587600,7.4280E-007
1255.866400,6.9970E-007
1256.145200,7.2860E-007
1256.424000,7.8600E-007
1256.702800,7.0410E-007
1256.981600,7.1190E-007
1257.260400,7.1680E-007
1257.539200,7.4640E-007
1257.818000,7.4860E-007
1258.096800,6.8820E-007
1258.375600,7.5240E-007
1258.654400,7.3840E-007
1258.933200,7.0500E-007
1259.212000,7.0930E-007
1259.490800,6.8640E-007
1259.769600,7.8350E-007
1260.048400,7.3490E-007
1260.327200,7.5010E-007
1260.606000,7.1410E-007
1260.884800,7.0070E-007
1261.163600,7.1280E-007
1261.442400,7.3780E-007
1261.721200,7.0720E-007
1262.000000,7.0430E-007
1262.278800,7.4520E-007
1262.557600,7.4410E-007
1262.836400,7.0400E-007
1263.115200,6.8920E-007
1263.394000,7.1970E-007
1263.672800,7.4800E-007
1263.951600,7.2880E-007
1264.230400,7.7260E-007
1264.509200,7.2610E-007
1264.788000,6.9470E-007
1265.066800,7.0080E-007
1265.345600,7.5580E-007
1265.624400,7.5510E-007
1265.903200,6.6470E-007
1266.182000,7.3600E-007
1266.460800,7.1000E-007
1266.739600,7.2850E-007
1267.018400,7.3130E-007
1267.297200,7.0940E-007
1267.576000,7.1930E-007
1267.854800,6.9850E-007
1268.133600,7.2210E-007
1268.412400,7.0510E-007
1268.691200,7.3480E-007
1268.970000,6.9750E-007
1269.248800,7.1610E-007
1269.527600,7.2700E-007
1269.806400,7.2070E-007
1270.085200,7.4190E-007
1270.364000,7.0860E-007
1270.642800,7.6520E-007
1270.921600,6.8940E-007
1271.200400,7.3400E-007
1271.479200,7.1890E-007
1271.758000,6.8360E-007
1272.036800,7.2520E-007
1272.315600,7.0150E-007
1272.594400,7.9860E-007
1272.873200,6.9280E-007
1273.152000,7.3520E-007
1273.430800,6.9480E-007
1273.709600,7.6060E-007
1273.988400,7.1390E-007
1274.267200,7.5290E-007
1274.546000,7.0920E-007
1274.824800,7.3260E-007
1275.103600,7.2030E-007
1275.382400,7.1020E-007
1275.661200,6.9930E-007
1275.940000,7.5020E-007
1276.218800,6.7210E-007
1276.497600,6.9940E-007
1276.776400,7.1830E-007
1277.055200,7.2470E-007
1277.334000,7.6530E-007
1277.612800,6.8720E-007
1277.891600,7.0630E-007
1278.170400,7.2850E-007
1278.449200,6.8850E-007
1278.728000,7.2120E-007
1279.006800,7.2220E-007
1279.285600,7.0130E-007
1279.564400,7.0500E-007
1279.843200,7.3460E-007
1280.122000,6.7380E-007
1280.400800,7.5700E-007
1280.679600,6.8910E-007
1280.958400,6.8570E-007
1281.237200,6.9490E-007
1281.516000,7.2170E-007
1281.794800,7.4170E-007
1282.073600,7.2840E-007
1282.352400,7.3210E-007
1282.631200,7.1510E-007
1282.910000,6.8090E-007
1283.188800,7.6300E-007
1283.467600,6.7860E-007
1283.746400,7.0380E-007
1284.025200,7.1210E-007
1284.304000,7.3380E-007
1284.582800,7.0330E-007
1284.861600,6.8830E-007
1285.140400,7.2450E-007
1285.419200,7.1140E-007
1285.698000,7.2710E-007
1285.976800,6.5040E-007
1286.255600,6.6820E-007
1286.534400,7.1110E-007
1286.813200,7.0810E-007
1287.092000,6.6040E-007
1287.370800,6.8810E-007
1287.649600,6.6570E-007
1287.928400,7.5630E-007
1288.207200,6.8860E-007
1288.486000,6.8230E-007
1288.764800,6.9360E-007
1289.043600,7.0410E-007
1289.322400,7.1520E-007
1289.601200,6.6350E-007
1289.880000,6.7800E-007
1290.158800,7.0220E-007
1290.437600,6.6810E-007
1290.716400,6.8670E-007
1290.995200,6.8110E-007
1291.274000,6.5790E-007
1291.552800,6.8580E-007
1291.831600,6.6550E-007
1292.110400,6.7870E-007
1292.389200,7.4140E-007
1292.668000,6.7600E-007
1292.946800,6.2400E-007
1293.225600,6.9740E-007
1293.504400,6.7990E-007
1293.783200,7.4200E-007
1294.062000,7.0140E-007
1294.340800,7.0610E-007
1294.619600,6.9040E-007
1294.898400,6.6250E-007
1295.177200,6.8820E-007
1295.456000,6.4980E-007
1295.734800,7.2730E-007
1296.013600,6.8890E-007
1296.292400,7.2310E-007
1296.571200,6.8740E-007
1296.850000,6.5630E-007
1297.128800,7.0350E-007
1297.407600,7.2070E-007
1297.686400,7.1140E-007
1297.965200,6.9780E-007
1298.244000,7.1480E-007
1298.522800,6.7750E-007
1298.801600,6.9820E-007
1299.080400,6.2980E-007
1299.359200,6.7800E-007
1299.638000,7.2440E-007
1299.916800,6.5170E-007
1300.195600,7.2220E-007
1300.474400,7.0220E-007
1300.753200,6.9600E-007
1301.032000,7.6220E-007
1301.310800,6.7310E-007
1301.589600,6.8020E-007
1301.868400,7.1590E-007
1302.147200,6.6450E-007
1302.426000,7.0960E-007
1302.704800,7.0370E-007
1302.983600,6.7350E-007
1303.262400,7.3370E-007
1303.541200,6.9320E-007
1303.820000,6.6520E-007
1304.098800,6.8640E-007
1304.377600,7.3650E-007
1304.656400,7.0100E-007
1304.935200,6.6420E-007
1305.214000,6.7080E-007
1305.492800,7.3920E-007
1305.771600,6.8280E-007
1306.050400,7.0600E-007
1306.329200,7.0630E-007
1306.608000,6.7660E-007
1306.886800,6.9030E-007
1307.165600,6.7780E-007
1307.444400,6.6010E-007
1307.723200,6.8820E-007
1308.002000,7.2850E-007
1308.280800,6.9100E-007
1308.559600,6.8630E-007
1308.838400,7.1060E-007
1309.117200,6.8100E-007
1309.396000,7.0550E-007
1309.674800,6.7610E-007
1309.953600,6.8770E-007
1310.232400,7.0540E-007
1310.511200,6.4980E-007
1310.790000,7.0850E-007
1311.068800,6.7760E-007
1311.347600,6.8530E-007
1311.626400,6.7250E-007
1311.905200,7.1730E-007
1312.184000,6.9870E-007
1312.462800,6.7570E-007
1312.741600,6.9590E-007
1313.020400,6.6290E-007
1313.299200,6.5600E-007
1313.578000,6.9750E-007
1313.856800,6.7600E-007
1314.135600,6.5060E-007
1314.414400,6.9670E-007
1314.693200,6.9400E-007
1314.972000,6.8140E-007
1315.250800,6.7990E-007
1315.529600,6.3770E-007
1315.808400,6.6360E-007
1316.087200,7.0490E-007
1316.366000,6.4370E-007
1316.644800,6.6770E-007
1316.923600,6.4410E-007
1317.202400,6.6990E-007
1317.481200,6.9050E-007
1317.760000,6.8130E-007
1318.038800,6.8570E-007
1318.317600,6.9000E-007
1318.596400,6.6520E-007
1318.875200,6.4650E-007
1319.154000,7.1430E-007
1319.432800,6.7090E-007
1319.711600,6.7930E-007
1319.990400,6.7850E-007
1320.269200,6.6150E-007
1320.548000,6.5490E-007
1320.826800,6.5070E-007
1321.105600,6.7950E-007
1321.384400,6.8730E-007
1321.663200,6.8180E-007
1321.942000,6.4800E-007
1322.220800,6.4130E-007
1322.499600,6.5600E-007
1322.778400,6.7520E-007
1323.057200,6.9810E-007
1323.336000,6.6280E-007
1323.614800,6.9670E-007
1323.893600,7.1420E-007
1324.172400,7.0060E-007
1324.451200,6.7550E-007
1324.730000,6.2520E-007
1325.008800,6.8890E-007
1325.287600,6.7930E-007
1325.566400,6.6970E-007
1325.845200,6.5790E-007
1326.124000,6.8140E-007
1326.402800,6.3840E-007
1326.681600,6.8590E-007
1326.960400,6.8860E-007
1327.239200,7.2810E-007
1327.518000,6.9960E-007
1327.796800,6.8310E-007
1328.075600,7.0200E-007
1328.354400,6.7520E-007
1328.633200,6.8320E-007
1328.912000,7.2880E-007
1329.190800,6.8640E-007
1329.469600,6.9070E-007
1329.748400,6.6360E-007
1330.027200,6.8440E-007
1330.306000,6.8090E-007
1330.584800,6.7250E-007
1330.863600,6.5780E-007
1331.142400,6.7220E-007
1331.421200,7.1760E-007
1331.700000,6.0260E-007
1331.978800,6.6910E-007
1332.257600,6.5150E-007
1332.536400,6.7930E-007
1332.815200,6.8470E-007
1333.094000,6.8240E-007
1333.372800,6.7420E-007
1333.651600,6.5640E-007
1333.930400,6.9800E-007
1334.209200,6.8200E-007
1334.488000,6.7580E-007
1334.766800,6.8230E-007
1335.045600,6.3710E-007
1335.324400,6.8780E-007
1335.603200,7.3800E-007
1335.882000,6.9830E-007
1336.160800,6.8140E-007
1336.439600,6.6960E-007
1336.718400,6.5790E-007
1336.997200,7.3320E-007
1337.276000,6.1960E-007
1337.554800,6.2970E-007
1337.833600,6.6460E-007
1338.112400,6.6350E-007
1338.391200,6.8920E-007
1338.670000,6.9790E-007
1338.948800,6.3750E-007
1339.227600,6.7160E-007
1339.506400,6.7040E-007
1339.785200,7.1950E-007
1340.064000,6.5070E-007
1340.342800,6.6140E-007
1340.621600,6.9750E-007
1340.900400,6.6740E-007
1341.179200,6.7650E-007
1341.458000,6.6330E-007
1341.736800,6.8520E-007
1342.015600,6.5030E-007
1342.294400,6.6430E-007
1342.573200,6.7780E-007
1342.852000,7.1280E-007
1343.130800,6.6550E-007
1343.409600,6.5280E-007
1343.688400,6.7370E-007
1343.967200,6.3800E-007
1344.246000,6.5550E-007
1344.524800,6.2950E-007
1344.803600,6.4130E-007
1345.082400,6.4270E-007
1345.361200,7.1750E-007
1345.640000,6.8490E-007
1345.918800,6.4840E-007
1346.197600,6.8740E-007
1346.476400,6.7820E-007
1346.755200,6.9910E-007
1347.034000,6.6070E-007
1347.312800,6.8630E-007
1347.591600,6.7280E-007
1347.870400,6.6600E-007
1348.149200,6.4510E-007
1348.428000,6.8990E-007
1348.706800,7.0910E-007
1348.985600,6.9690E-007
1349.264400,6.2410E-007
1349.543200,7.0940E-007
1349.822000,7.3190E-007
1350.100800,6.7290E-007
1350.379600,6.9090E-007
1350.658400,6.8290E-007
1350.937200,6.5240E-007
1351.216000,7.0280E-007
1351.494800,7.2180E-007
1351.773600,7.0880E-007
1352.052400,6.6170E-007
1352.331200,6.7690E-007
1352.610000,7.1980E-007
1352.888800,6.8670E-007
1353.167600,6.6550E-007
1353.446400,6.9180E-007
1353.725200,6.3270E-007
1354.004000,6.7320E-007
1354.282800,7.1840E-007
1354.561600,6.9920E-007
1354.840400,6.9040E-007
1355.119200,7.0090E-007
1355.398000,6.7640E-007
1355.676800,6.9660E-007
1355.955600,6.8910E-007
1356.234400,7.0500E-007
1356.513200,6.9930E-007
1356.792000,7.2690E-007
1357.070800,6.8710E-007
1357.349600,7.0950E-007
1357.628400,6.8960E-007
1357.907200,7.1840E-007
1358.186000,7.2040E-007
1358.464800,6.9020E-007
1358.743600,7.1780E-007
1359.022400,6.8520E-007
1359.301200,7.1560E-007
1359.580000,6.5160E-007
1359.858800,6.9360E-007
1360.137600,6.6180E-007
1360.416400,6.9690E-007
1360.695200,6.9420E-007
1360.974000,7.0260E-007
1361.252800,6.9730E-007
1361.531600,7.4720E-007
1361.810400,6.9880E-007
1362.089200,6.8490E-007
1362.368000,7.1780E-007
1362.646800,7.1550E-007
1362.925600,7.0140E-007
1363.204400,6.6920E-007
1363.483200,7.3850E-007
1363.762000,6.5510E-007
1364.040800,6.8310E-007
1364.319600,6.8360E-007
1364.598400,5.9510E-007
1364.877200,6.4730E-007
1365.156000,7.1010E-007
1365.434800,6.9180E-007
1365.713600,6.6800E-007
1365.992400,6.2990E-007
1366.271200,6.9760E-007
1366.550000,6.8990E-007
1366.828800,6.7210E-007
1367.107600,7.0790E-007
1367.386400,7.0910E-007
1367.665200,6.2210E-007
1367.944000,6.9480E-007
1368.222800,7.0840E-007
1368.501600,6.6990E-007
1368.780400,6.8050E-007
1369.059200,6.7460E-007
1369.338000,7.0400E-007
1369.616800,6.9130E-007
1369.895600,7.0290E-007
1370.174400,7.3400E-007
1370.453200,7.2180E-007
1370.732000,7.1090E-007
1371.010800,6.9160E-007
1371.289600,6.8180E-007
1371.568400,6.5390E-007
1371.847200,7.7290E-007
1372.126000,6.4760E-007
1372.404800,6.6270E-007
1372.683600,7.0700E-007
1372.962400,6.9530E-007
1373.241200,7.1280E-007
1373.520000,6.7090E-007
1373.798800,6.4280E-007
1374.077600,6.3870E-007
1374.356400,6.3600E-007
1374.635200,7.0650E-007
1374.914000,6.4810E-007
1375.192800,6.8120E-007
1375.471600,6.4370E-007
1375.750400,6.3780E-007
1376.029200,6.9010E-007
1376.308000,6.6370E-007
1376.586800,6.9070E-007
1376.865600,6.9810E-007
1377.144400,6.6610E-007
1377.423200,6.9820E-007
1377.702000,6.7270E-007
1377.980800,7.0050E-007
1378.259600,6.6930E-007
1378.538400,6.9660E-007
1378.817200,6.8220E-007
1379.096000,6.7590E-007
1379.374800,6.3990E-007
1379.653600,6.7170E-007
1379.932400,6.7680E-007
1380.211200,6.6930E-007
1380.490000,7.0340E-007
1380.768800,6.9860E-007
1381.047600,7.3060E-007
1381.326400,6.9920E-007
1381.605200,7.1790E-007
1381.884000,6.8060E-007
1382.162800,7.0310E-007
1382.441600,6.2670E-007
1382.720400,6.8900E-007
1382.999200,6.4310E-007
1383.278000,6.9650E-007
1383.556800,6.8700E-007
1383.835600,6.4180E-007
1384.114400,6.7660E-007
1384.393200,6.8440E-007
1384.672000,6.6300E-007
1384.950800,6.7440E-007
1385.229600,6.8390E-007
1385.508400,6.7500E-007
1385.787200,6.9570E-007
1386.066000,6.7070E-007
1386.344800,6.9240E-007
1386.623600,6.9590E-007
1386.902400,6.3560E-007
1387.181200,6.9910E-007
1387.460000,6.9860E-007
1387.738800,6.6830E-007
1388.017600,6.7030E-007
1388.296400,6.6520E-007
1388.575200,6.9960E-007
1388.854000,6.4540E-007
1389.132800,6.6790E-007
1389.411600,6.0690E-007
1389.690400,6.8600E-007
1389.969200,6.2880E-007
1390.248000,6.4430E-007
1390.526800,6.3470E-007
1390.805600,7.0550E-007
1391.084400,6.6420E-007
1391.363200,6.3600E-007
1391.642000,6.3830E-007
1391.920800,6.7820E-007
1392.199600,6.6270E-007
1392.478400,7.0140E-007
1392.757200,6.5870E-007
1393.036000,6.8650E-007
1393.314800,6.7900E-007
1393.593600,6.9680E-007
1393.872400,6.9240E-007
1394.151200,6.8160E-007
1394.430000,6.4370E-007
1394.708800,7.2030E-007
1394.987600,7.2170E-007
1395.266400,7.0890E-007
1395.545200,7.0110E-007
1395.824000,7.1170E-007
1396.102800,6.6080E-007
1396.381600,6.7650E-007
1396.660400,6.5500E-007
1396.939200,7.3130E-007
1397.218000,7.0550E-007
1397.496800,7.1030E-007
1397.775600,7.2000E-007
1398.054400,6.9680E-007
1398.333200,7.4790E-007
1398.612000,7.3710E-007
1398.890800,7.2020E-007
1399.169600,7.3340E-007
1399.448400,6.9330E-007
1399.727200,7.1330E-007
1400.006000,6.9590E-007
1400.284800,7.1730E-007
1400.563600,7.2240E-007
1400.842400,7.5530E-007
1401.121200,7.6640E-007
1401.400000,7.0440E-007
1401.678800,7.7240E-007
1401.957600,7.6050E-007
1402.236400,7.5740E-007
1402.515200,7.3560E-007
1402.794000,7.1790E-007
1403.072800,7.2340E-007
1403.351600,7.7290E-007
1403.630400,6.9600E-007
1403.909200,7.4760E-007
1404.188000,7.2510E-007
1404.466800,7.4200E-007
1404.745600,7.2810E-007
1405.024400,7.9990E-007
1405.303200,8.0540E-007
1405.582000,7.7500E-007
1405.860800,7.0980E-007
1406.139600,7.6630E-007
1406.418400,7.6040E-007
1406.697200,7.4540E-007
1406.976000,7.7180E-007
1407.254800,7.6070E-007
1407.533600,7.4670E-007
1407.812400,7.8730E-007
1408.091200,7.4230E-007
1408.370000,7.6070E-007
1408.648800,7.5410E-007
1408.927600,7.0360E-007
1409.206400,6.9430E-007
1409.485200,7.6610E-007
1409.764000,7.5990E-007
1410.042800,7.3480E-007
1410.321600,7.5600E-007
1410.600400,7.1740E-007
1410.879200,7.5190E-007
1411.158000,7.1210E-007
1411.436800,7.3850E-007
1411.715600,7.7310E-007
1411.994400,7.2610E-007
1412.273200,7.7150E-007
1412.552000,7.6250E-007
1412.830800,7.4950E-007
1413.109600,7.4680E-007
1413.388400,7.2500E-007
1413.667200,7.1050E-007
1413.946000,7.5790E-007
1414.224800,7.4940E-007
1414.503600,7.3280E-007
1414.782400,7.3140E-007
1415.061200,7.7770E-007
1415.340000,7.8600E-007
1415.618800,7.5800E-007
1415.897600,7.5000E-007
1416.176400,7.6980E-007
1416.455200,7.9210E-007
1416.734000,7.4060E-007
1417.012800,7.6800E-007
1417.291600,7.5980E-007
1417.570400,7.5580E-007
1417.849200,7.8870E-007
1418.128000,7.7650E-007
1418.406800,7.2730E-007
1418.685600,7.3280E-007
1418.964400,7.4680E-007
1419.243200,7.6320E-007
1419.522000,7.8900E-007
1419.800800,7.8470E-007
1420.079600,8.0730E-007
1420.358400,7.9170E-007
1420.637200,7.5480E-007
1420.916000,7.7270E-007
1421.194800,7.5310E-007
1421.473600,7.9160E-007
1421.752400,7.3960E-007
1422.031200,7.8870E-007
1422.310000,7.7200E-007
1422.588800,8.2070E-007
1422.867600,8.1090E-007
1423.146400,8.5830E-007
1423.425200,7.9930E-007
1423.704000,7.5870E-007
1423.982800,7.9110E-007
1424.261600,7.9820E-007
1424.540400,8.1260E-007
1424.819200,8.2660E-007
1425.098000,8.0870E-007
1425.376800,8.1990E-007
1425.655600,8.2970E-007
1425.934400,7.8140E-007
1426.213200,8.4370E-007
1426.492000,8.3350E-007
1426.770800,8.4700E-007
1427.049600,8.4480E-007
1427.328400,8.5980E-007
1427.607200,8.2900E-007
1427.886000,8.8450E-007
1428.164800,8.5880E-007
1428.443600,8.4320E-007
1428.722400,8.6970E-007
1429.001200,8.6700E-007
1429.280000,8.5170E-007
1429.558800,8.7370E-007
1429.837600,9.0860E-007
1430.116400,8.8780E-007
1430.395200,9.0880E-007
1430.674000,9.0750E-007
1430.952800,8.7630E-007
1431.231600,8.9280E-007
1431.510400,8.8970E-007
1431.789200,9.4870E-007
1432.068000,8.9730E-007
1432.346800,9.0960E-007
1432.625600,9.3150E-007
1432.904400,9.7410E-007
1433.183200,9.3030E-007
1433.462000,9.5180E-007
1433.740800,9.8340E-007
1434.019600,8.8060E-007
1434.298400,9.6210E-007
1434.577200,9.0750E-007
1434.856000,9.5820E-007
1435.134800,9.7320E-007
1435.413600,9.6530E-007
1435.692400,9.9870E-007
1435.971200,9.4270E-007
1436.250000,1.0090E-006
1436.528800,9.7010E-007
1436.807600,9.9710E-007
1437.086400,9.3190E-007
1437.365200,9.7730E-007
1437.644000,1.0140E-006
1437.922800,1.0220E-006
1438.201600,1.0310E-006
1438.480400,1.0180E-006
1438.759200,1.0150E-006
1439.038000,1.0540E-006
1439.316800,1.0430E-006
1439.595600,9.9060E-007
1439.874400,1.0330E-006
1440.153200,1.0210E-006
1440.432000,1.0290E-006
1440.710800,1.0650E-006
1440.989600,1.0040E-006
1441.268400,1.0230E-006
1441.547200,1.0570E-006
1441.826000,1.0960E-006
1442.104800,1.0240E-006
1442.383600,1.0580E-006
1442.662400,1.0870E-006
1442.941200,1.0570E-006
1443.220000,1.0980E-006
1443.498800,1.0970E-006
1443.777600,1.1410E-006
1444.056400,1.0990E-006
1444.335200,1.0890E-006
1444.614000,1.1000E-006
1444.892800,1.1670E-006
1445.171600,1.1480E-006
1445.450400,1.0780E-006
1445.729200,1.1570E-006
1446.008000,1.2010E-006
1446.286800,1.1360E-006
1446.565600,1.1210E-006
1446.844400,1.1220E-006
1447.123200,1.1300E-006
1447.402000,1.1710E-006
1447.680800,1.1520E-006
1447.959600,1.1570E-006
1448.238400,1.1780E-006
1448.517200,1.2190E-006
1448.796000,1.2320E-006
1449.074800,1.1930E-006
1449.353600,1.2370E-006
1449.632400,1.2150E-006
1449.911200,1.2540E-006
1450.190000,1.2860E-006
1450.468800,1.2570E-006
1450.747600,1.2540E-006
1451.026400,1.2970E-006
1451.305200,1.3050E-006
1451.584000,1.2710E-006
1451.862800,1.2530E-006
1452.141600,1.2430E-006
1452.420400,1.2340E-006
1452.699200,1.3160E-006
1452.978000,1.3060E-006
1453.256800,1.3370E-006
1453.535600,1.3530E-006
1453.814400,1.3450E-006
1454.093200,1.3110E-006
1454.372000,1.3430E-006
1454.650800,1.3320E-006
1454.929600,1.3710E-006
1455.208400,1.3720E-006
1455.487200,1.3490E-006
1455.766000,1.3590E-006
1456.044800,1.3610E-006
1456.323600,1.3930E-006
1456.602400,1.3980E-006
1456.881200,1.4090E-006
1457.160000,1.4000E-006
1457.438800,1.4790E-006
1457.717600,1.4270E-006
1457.996400,1.4220E-006
1458.275200,1.4430E-006
1458.554000,1.4470E-006
1458.832800,1.4950E-006
1459.111600,1.4910E-006
1459.390400,1.5160E-006
1459.669200,1.4440E-006
1459.948000,1.5420E-006
1460.226800,1.5180E-006
1460.505600,1.4710E-006
1460.784400,1.4900E-006
1461.063200,1.5530E-006
1461.342000,1.4970E-006
1461.620800,1.5170E-006
1461.899600,1.4620E-006
1462.178400,1.5310E-006
1462.457200,1.5920E-006
1462.736000,1.5490E-006
1463.014800,1.6000E-006
1463.293600,1.5740E-006
1463.572400,1.6180E-006
1463.851200,1.5730E-006
1464.130000,1.6110E-006
1464.408800,1.6550E-006
1464.687600,1.6510E-006
1464.966400,1.5910E-006
1465.245200,1.6150E-006
1465.524000,1.6470E-006
1465.802800,1.6440E-006
1466.081600,1.6470E-006
1466.360400,1.6660E-006
1466.639200,1.6790E-006
1466.918000,1.7060E-006
1467.196800,1.6620E-006
1467.475600,1.6640E-006
1467.754400,1.6820E-006
1468.033200,1.7740E-006
1468.312000,1.7600E-006
1468.590800,1.7280E-006
1468.869600,1.7460E-006
1469.148400,1.7610E-006
1469.427200,1.7870E-006
1469.706000,1.6910E-006
1469.984800,1.7660E-006
1470.263600,1.7850E-006
1470.542400,1.7950E-006
1470.821200,1.8130E-006
1471.100000,1.8500E-006
1471.378800,1.8400E-006
1471.657600,1.7790E-006
1471.936400,1.7910E-006
1472.215200,1.8500E-006
1472.494000,1.8550E-006
1472.772800,1.8300E-006
1473.051600,1.8780E-006
1473.330400,1.8660E-006
1473.609200,1.8800E-006
1473.888000,1.8580E-006
1474.166800,1.8830E-006
1474.445600,1.9000E-006
1474.724400,1.8740E-006
1475.003200,1.9820E-006
1475.282000,1.9140E-006
1475.560800,1.9270E-006
1475.839600,2.0070E-006
1476.118400,1.9560E-006
1476.397200,2.0040E-006
1476.676000,1.9920E-006
1476.954800,1.9390E-006
1477.233600,2.0100E-006
1477.512400,2.0530E-006
1477.791200,2.0350E-006
1478.070000,2.0570E-006
1478.348800,2.0180E-006
1478.627600,2.1130E-006
1478.906400,2.0360E-006
1479.185200,2.0820E-006
1479.464000,2.0840E-006
1479.742800,2.1400E-006
1480.021600,2.1220E-006
1480.300400,2.0940E-006
1480.579200,2.1160E-006
1480.858000,2.1740E-006
1481.136800,2.1780E-006
1481.415600,2.2110E-006
1481.694400,2.2700E-006
1481.973200,2.1780E-006
1482.252000,2.2530E-006
1482.530800,2.2440E-006
1482.809600,2.2390E-006
1483.088400,2.2610E-006
1483.367200,2.3210E-006
1483.646000,2.2770E-006
1483.924800,2.3660E-006
1484.203600,2.3370E-006
1484.482400,2.3590E-006
1484.761200,2.3810E-006
1485.040000,2.3820E-006
1485.318800,2.4110E-006
1485.597600,2.4730E-006
1485.876400,2.4030E-006
1486.155200,2.4060E-006
1486.434000,2.4860E-006
1486.712800,2.4630E-006
1486.991600,2.4870E-006
1487.270400,2.5210E-006
1487.549200,2.5700E-006
1487.828000,2.6020E-006
1488.106800,2.6120E-006
1488.385600,2.5880E-006
1488.664400,2.6840E-006
1488.943200,2.6380E-006
1489.222000,2.6770E-006
1489.500800,2.6170E-006
1489.779600,2.7410E-006
1490.058400,2.7410E-006
1490.337200,2.7570E-006
1490.616000,2.8030E-006
1490.894800,2.7490E-006
1491.173600,2.7740E-006
1491.452400,2.8270E-006
1491.731200,2.8920E-006
1492.010000,2.8670E-006
1492.288800,2.9410E-006
1492.567600,2.9180E-006
1492.846400,2.9620E-006
1493.125200,3.0110E-006
1493.404000,3.0010E-006
1493.682800,3.0220E-006
1493.961600,3.0880E-006
1494.240400,3.1160E-006
1494.519200,3.1970E-006
1494.798000,3.1490E-006
1495.076800,3.1520E-006
1495.355600,3.1990E-006
1495.634400,3.2560E-006
1495.913200,3.3020E-006
1496.192000,3.3080E-006
1496.470800,3.3010E-006
1496.749600,3.3920E-006
1497.028400,3.3840E-006
1497.307200,3.4460E-006
1497.586000,3.4180E-006
1497.864800,3.5270E-006
1498.143600,3.5690E-006
1498.422400,3.5760E-006
1498.701200,3.6490E-006
1498.980000,3.6670E-006
1499.258800,3.7150E-006
1499.537600,3.7490E-006
1499.816400,3.7680E-006
1500.095200,3.8110E-006
1500.374000,3.8190E-006
1500.652800,3.8570E-006
1500.931600,3.8910E-006
1501.210400,3.9950E-006
1501.489200,4.0390E-006
1501.768000,4.1040E-006
1502.046800,4.1050E-006
1502.325600,4.1010E-006
1502.604400,4.2380E-006
1502.883200,4.3070E-006
1503.162000,4.3680E-006
1503.440800,4.4270E-006
1503.719600,4.4580E-006
1503.998400,4.4680E-006
1504.277200,4.5590E-006
1504.556000,4.6970E-006
1504.834800,4.7290E-006
1505.113600,4.8340E-006
1505.392400,4.9260E-006
1505.671200,4.9390E-006
1505.950000,5.0120E-006
1506.228800,5.0890E-006
1506.507600,5.2050E-006
1506.786400,5.3510E-006
1507.065200,5.4870E-006
1507.344000,5.6020E-006
1507.622800,5.6260E-006
1507.901600,5.7080E-006
1508.180400,5.7970E-006
1508.459200,5.8920E-006
1508.738000,6.0340E-006
1509.016800,6.2620E-006
1509.295600,6.5490E-006
1509.574400,6.6700E-006
1509.853200,6.7650E-006
1510.132000,7.1200E-006
1510.410800,7.3150E-006
1510.689600,7.3470E-006
1510.968400,7.5470E-006
1511.247200,7.9310E-006
1511.526000,8.1310E-006
1511.804800,8.4190E-006
1512.083600,8.7300E-006
1512.362400,8.8480E-006
1512.641200,8.9140E-006
1512.920000,9.2420E-006
1513.198800,9.6770E-006
1513.477600,1.0160E-005
1513.756400,1.0610E-005
1514.035200,1.0790E-005
1514.314000,1.0910E-005
1514.592800,1.1600E-005
1514.871600,1.2550E-005
1515.150400,1.3420E-005
1515.429200,1.4420E-005
1515.708000,1.4800E-005
1515.986800,1.5370E-005
1516.265600,1.5690E-005
1516.544400,1.6180E-005
1516.823200,1.6790E-005
1517.102000,1.7200E-005
1517.380800,1.9890E-005
1517.659600,2.4150E-005
1517.938400,2.5280E-005
1518.217200,2.4980E-005
1518.496000,2.4820E-005
1518.774800,2.6690E-005
1519.053600,2.9970E-005
1519.332400,3.1180E-005
1519.611200,3.3110E-005
1519.890000,3.6250E-005
1520.168800,4.0760E-005
1520.447600,4.6220E-005
1520.726400,4.9850E-005
1521.005200,5.2750E-005
1521.284000,5.7690E-005
1521.562800,6.5020E-005
1521.841600,7.7470E-005
1522.120400,8.9910E-005
1522.399200,9.4050E-005
1522.678000,9.7210E-005
1522.956800,1.1240E-004
1523.235600,1.2960E-004
1523.514400,1.5340E-004
1523.793200,1.9020E-004
1524.072000,2.2020E-004
1524.350800,2.5760E-004
1524.629600,3.0930E-004
1524.908400,3.6970E-004
1525.187200,4.6110E-004
1525.466000,5.7800E-004
1525.744800,7.0720E-004
1526.023600,8.6010E-004
1526.302400,1.0330E-003
1526.581200,1.2610E-003
1526.860000,1.5430E-003
1527.138800,1.7770E-003
1527.417600,2.0210E-003
1527.696400,2.3180E-003
1527.975200,2.6650E-003
1528.254000,2.8900E-003
1528.532800,3.0800E-003
1528.811600,3.3900E-003
1529.090400,3.7060E-003
1529.369200,3.8780E-003
1529.648000,3.9480E-003
1529.926800,4.1320E-003
1530.205600,4.4280E-003
1530.484400,4.5960E-003
1530.763200,4.4980E-003
1531.042000,4.3490E-003
1531.320800,4.2770E-003
1531.599600,4.1250E-003
1531.878400,4.0370E-003
1532.157200,4.1820E-003
1532.436000,4.1320E-003
1532.714800,3.7610E-003
1532.993600,3.4830E-003
1533.272400,3.3480E-003
1533.551200,3.2110E-003
1533.830000,3.0580E-003
1534.108800,2.8650E-003
1534.387600,3.1380E-003
1534.666400,7.7750E-003
1534.945200,1.4310E-002
1535.224000,1.4450E-002
1535.502800,1.0920E-002
1535.781600,8.8350E-003
1536.060400,8.0860E-003
1536.339200,7.1110E-003
1536.618000,4.9670E-003
1536.896800,3.1210E-003
1537.175600,3.2510E-003
1537.454400,4.0990E-003
1537.733200,4.0770E-003
1538.012000,3.6150E-003
1538.290800,3.7090E-003
1538.569600,4.4390E-003
1538.848400,5.5820E-003
1539.127200,6.2080E-003
1539.406000,6.5630E-003
1539.684800,7.5180E-003
1539.963600,9.0340E-003
1540.242400,9.7100E-003
1540.521200,9.4800E-003
1540.800000,1.0700E-002
1541.078800,1.3030E-002
1541.357600,1.4650E-002
1541.636400,1.4690E-002
1541.915200,1.2940E-002
1542.194000,1.1120E-002
1542.472800,1.1520E-002
1542.751600,1.3440E-002
1543.030400,1.5690E-002
1543.309200,1.7650E-002
1543.588000,1.8330E-002
1543.866800,2.0440E-002
1544.145600,2.4400E-002
1544.424400,2.9360E-002
1544.703200,6.4580E-002
1544.982000,1.2820E-001
1545.260800,1.5310E-001
1545.539600,1.3240E-001
1545.818400,1.0660E-001
1546.097200,9.0640E-002
1546.376000,7.5440E-002
1546.654800,5.5650E-002
1546.933600,4.2550E-002
1547.212400,4.4760E-002
1547.491200,5.0730E-002
1547.770000,4.9630E-002
1548.048800,4.4990E-002
1548.327600,4.0280E-002
1548.606400,3.8610E-002
1548.885200,4.2410E-002
1549.164000,5.0170E-002
1549.442800,5.5890E-002
1549.721600,5.3040E-002
1550.000400,4.5410E-002
1550.279200,4.0510E-002
1550.558000,4.0950E-002
1550.836800,4.3010E-002
1551.115600,4.3500E-002
1551.394400,4.5850E-002
1551.673200,5.2160E-002
1551.952000,5.7480E-002
1552.230800,5.4880E-002
1552.509600,5.0380E-002
1552.788400,5.1680E-002
1553.067200,5.9240E-002
1553.346000,7.5530E-002
1553.624800,8.4630E-002
1553.903600,9.0410E-002
1554.182400,9.9960E-002
1554.461200,9.6440E-002
1554.740000,7.5760E-002
1555.018800,7.2010E-002
1555.297600,8.6290E-002
1555.576400,9.7130E-002
1555.855200,9.2400E-002
1556.134000,7.7920E-002
1556.412800,7.0630E-002
1556.691600,7.5650E-002
1556.970400,8.6430E-002
1557.249200,9.4140E-002
1557.528000,9.9030E-002
1557.806800,9.8920E-002
1558.085600,9.2830E-002
1558.364400,8.8260E-002
1558.643200,8.7720E-002
1558.922000,9.0240E-002
1559.200800,9.3300E-002
1559.479600,9.2620E-002
1559.758400,8.5030E-002
1560.037200,7.8700E-002
1560.316000,7.6380E-002
1560.594800,7.9170E-002
1560.873600,8.5550E-002
1561.152400,8.6540E-002
1561.431200,7.8400E-002
1561.710000,6.8360E-002
1561.988800,6.0360E-002
1562.267600,5.6510E-002
1562.546400,5.6990E-002
1562.825200,6.1350E-002
1563.104000,6.3730E-002
1563.382800,6.5550E-002
1563.661600,6.4620E-002
1563.940400,6.0570E-002
1564.219200,5.4530E-002
1564.498000,4.8390E-002
1564.776800,4.2030E-002
1565.055600,3.9410E-002
1565.334400,4.0230E-002
1565.613200,4.3160E-002
1565.892000,4.5570E-002
1566.170800,4.5880E-002
1566.449600,4.4700E-002
1566.728400,4.4660E-002
1567.007200,4.2800E-002
1567.286000,4.1400E-002
1567.564800,4.1210E-002
1567.843600,4.1350E-002
1568.122400,4.2730E-002
1568.401200,4.3090E-002
1568.680000,4.1970E-002
1568.958800,3.9050E-002
1569.237600,3.7540E-002
1569.516400,3.8330E-002
1569.795200,4.0340E-002
1570.074000,3.9800E-002
1570.352800,3.6960E-002
1570.631600,3.2180E-002
1570.910400,3.0450E-002
1571.189200,3.2050E-002
1571.468000,3.6950E-002
1571.746800,3.8050E-002
1572.025600,3.2190E-002
1572.304400,2.7220E-002
1572.583200,2.5320E-002
1572.862000,2.6670E-002
1573.140800,2.8270E-002
1573.419600,2.8120E-002
1573.698400,2.6930E-002
1573.977200,2.5610E-002
1574.256000,2.4500E-002
1574.534800,2.4560E-002
1574.813600,2.5690E-002
1575.092400,2.5380E-002
1575.371200,2.3700E-002
1575.650000,2.1890E-002
1575.928800,2.1060E-002
1576.207600,2.1330E-002
1576.486400,2.0890E-002
1576.765200,2.0160E-002
1577.044000,1.9250E-002
1577.322800,1.9810E-002
1577.601600,2.0120E-002
1577.880400,2.0390E-002
1578.159200,2.0060E-002
1578.438000,2.0550E-002
1578.716800,2.1290E-002
1578.995600,2.0820E-002
1579.274400,2.0040E-002
1579.553200,1.9370E-002
1579.832000,1.9020E-002
1580.110800,1.8080E-002
1580.389600,1.6810E-002
1580.668400,1.6210E-002
1580.947200,1.6020E-002
1581.226000,1.5580E-002
1581.504800,1.5180E-002
1581.783600,1.5810E-002
1582.062400,1.6110E-002
1582.341200,1.6030E-002
1582.620000,1.6720E-002
1582.898800,1.6890E-002
1583.177600,1.6590E-002
1583.456400,1.5880E-002
1583.735200,1.5760E-002
1584.014000,1.4950E-002
1584.292800,1.4120E-002
1584.571600,1.3500E-002
1584.850400,1.2760E-002
1585.129200,1.2260E-002
1585.408000,1.2080E-002
1585.686800,1.2010E-002
1585.965600,1.2240E-002
1586.244400,1.2790E-002
1586.523200,1.3490E-002
1586.802000,1.4360E-002
1587.080800,1.5510E-002
1587.359600,1.6590E-002
1587.638400,1.7540E-002
1587.917200,1.8130E-002
1588.196000,1.8220E-002
1588.474800,1.8010E-002
1588.753600,1.7720E-002
1589.032400,1.6680E-002
1589.311200,1.5820E-002
1589.590000,1.4800E-002
1589.868800,1.4010E-002
1590.147600,1.3600E-002
1590.426400,1.3290E-002
1590.705200,1.3350E-002
1590.984000,1.3670E-002
1591.262800,1.3390E-002
1591.541600,1.4180E-002
1591.820400,1.4390E-002
1592.099200,1.4320E-002
1592.378000,1.3680E-002
1592.656800,1.2690E-002
1592.935600,1.1900E-002
1593.214400,1.0870E-002
1593.493200,1.0460E-002
1593.772000,1.0490E-002
1594.050800,1.0660E-002
1594.329600,1.1340E-002
1594.608400,1.1760E-002
1594.887200,1.1970E-002
1595.166000,1.1940E-002
1595.444800,1.1170E-002
1595.723600,1.0600E-002
1596.002400,9.5720E-003
1596.281200,8.8220E-003
1596.560000,8.3240E-003
1596.838800,8.1500E-003
1597.117600,8.0520E-003
1597.396400,7.9020E-003
1597.675200,7.6260E-003
1597.954000,7.1450E-003
1598.232800,6.7090E-003
1598.511600,6.4120E-003
1598.790400,6.2710E-003
1599.069200,6.3380E-003
1599.348000,6.2940E-003
1599.626800,6.1520E-003
1599.905600,5.6940E-003
1600.184400,5.1040E-003
1600.463200,4.5880E-003
1600.742000,4.2290E-003
1601.020800,4.0750E-003
1601.299600,4.0290E-003
1601.578400,3.8640E-003
1601.857200,3.6480E-003
1602.136000,3.4220E-003
1602.414800,3.2170E-003
1602.693600,3.0500E-003
1602.972400,2.9080E-003
1603.251200,2.6780E-003
1603.530000,2.4350E-003
1603.808800,2.1280E-003
1604.087600,1.9140E-003
1604.366400,1.8160E-003
1604.645200,1.7260E-003
1604.924000,1.6620E-003
1605.202800,1.5190E-003
1605.481600,1.3520E-003
1605.760400,1.2280E-003
1606.039200,1.1360E-003
1606.318000,1.0290E-003
1606.596800,9.1900E-004
1606.875600,8.0130E-004
1607.154400,7.3260E-004
1607.433200,6.8960E-004
1607.712000,6.4420E-004
1607.990800,5.6180E-004
1608.269600,4.8550E-004
1608.548400,4.0350E-004
1608.827200,3.5580E-004
1609.106000,3.1940E-004
1609.384800,2.7370E-004
1609.663600,2.3380E-004
1609.942400,2.1080E-004
1610.221200,1.9470E-004
1610.500000,1.7300E-004
1610.778800,1.4620E-004
1611.057600,1.2000E-004
1611.336400,9.0560E-005
1611.615200,9.5740E-005
1611.894000,8.2250E-005
1612.172800,7.2010E-005
1612.451600,6.4170E-005
1612.730400,6.1570E-005
1613.009200,5.7680E-005
1613.288000,5.0760E-005
1613.566800,4.7830E-005
1613.845600,4.8390E-005
1614.124400,4.8330E-005
1614.403200,4.5130E-005
1614.682000,4.4350E-005
1614.960800,4.3660E-005
1615.239600,4.7230E-005
1615.518400,4.7940E-005
1615.797200,4.8340E-005
1616.076000,4.9910E-005
1616.354800,5.1310E-005
1616.633600,5.0770E-005
1616.912400,5.1900E-005
1617.191200,5.2790E-005
1617.470000,5.5530E-005
1617.748800,5.5690E-005
1618.027600,5.5280E-005
1618.306400,5.5570E-005
1618.585200,5.4870E-005
1618.864000,5.4790E-005
1619.142800,5.5960E-005
1619.421600,5.5560E-005
1619.700400,5.3630E-005
1619.979200,5.2910E-005
1620.258000,5.2280E-005
1620.536800,5.0620E-005
1620.815600,4.9320E-005
1621.094400,4.8150E-005
1621.373200,4.6230E-005
1621.652000,4.3240E-005
1621.930800,4.2470E-005
1622.209600,4.0820E-005
1622.488400,3.8280E-005
1622.767200,3.6300E-005
1623.046000,3.4570E-005
1623.324800,3.2720E-005
1623.603600,3.0660E-005
1623.882400,2.9140E-005
1624.161200,2.6300E-005
1624.440000,2.4680E-005
1624.718800,2.3180E-005
1624.997600,2.1320E-005
1625.276400,1.9970E-005
1625.555200,1.8390E-005
1625.834000,1.6950E-005
1626.112800,1.5780E-005
1626.391600,1.4550E-005
1626.670400,1.3830E-005
1626.949200,1.2870E-005
1627.228000,1.2660E-005
1627.506800,1.1480E-005
1627.785600,1.0850E-005
1628.064400,1.0620E-005
1628.343200,1.0230E-005
1628.622000,9.9530E-006
1628.900800,9.8470E-006
1629.179600,9.3920E-006
1629.458400,9.4290E-006
1629.737200,9.1490E-006
1630.016000,9.0530E-006
1630.294800,9.0060E-006
1630.573600,8.8780E-006
1630.852400,8.8660E-006
1631.131200,8.7300E-006
1631.410000,8.6200E-006
1631.688800,8.7570E-006
1631.967600,8.6060E-006
1632.246400,8.4200E-006
1632.525200,8.2480E-006
1632.804000,8.0400E-006
1633.082800,8.1040E-006
1633.361600,7.7990E-006
1633.640400,7.6430E-006
1633.919200,7.4580E-006
1634.198000,7.1620E-006
1634.476800,7.0010E-006
1634.755600,6.8730E-006
1635.034400,6.6710E-006
1635.313200,6.5190E-006
1635.592000,6.3060E-006
1635.870800,6.1320E-006
1636.149600,6.0540E-006
1636.428400,5.8180E-006
1636.707200,5.6880E-006
1636.986000,5.5940E-006
1637.264800,5.4200E-006
1637.543600,5.3590E-006
1637.822400,5.1390E-006
1638.101200,5.1850E-006
1638.380000,5.0120E-006
1638.658800,5.0640E-006
1638.937600,4.8140E-006
1639.216400,4.8470E-006
1639.495200,4.6940E-006
1639.774000,4.6930E-006
1640.052800,4.6120E-006
1640.331600,4.5440E-006
1640.610400,4.3570E-006
1640.889200,4.4740E-006
1641.168000,4.2780E-006
1641.446800,4.3980E-006
1641.725600,4.2210E-006
1642.004400,4.2280E-006
1642.283200,4.1990E-006
1642.562000,4.1040E-006
1642.840800,4.1350E-006
1643.119600,4.0990E-006
1643.398400,4.0510E-006
1643.677200,4.0700E-006
1643.956000,4.1440E-006
1644.234800,4.0440E-006
1644.513600,4.1170E-006
1644.792400,4.0080E-006
1645.071200,3.8680E-006
1645.350000,3.9620E-006
1645.628800,3.8600E-006
1645.907600,3.8920E-006
1646.186400,3.8820E-006
1646.465200,3.8720E-006
1646.744000,3.7660E-006
1647.022800,3.7800E-006
1647.301600,3.8320E-006
1647.580400,3.8440E-006
1647.859200,3.7780E-006
1648.138000,3.8830E-006
1648.416800,3.7310E-006
1648.695600,3.7890E-006
1648.974400,3.7440E-006
1649.253200,3.6690E-006
1649.532000,3.7840E-006
1649.810800,3.7440E-006
1650.089600,3.7280E-006
1650.368400,3.8090E-006
1650.647200,3.7570E-006
1650.926000,3.6960E-006
1651.204800,3.7030E-006
1651.483600,3.6590E-006
1651.762400,3.6640E-006
1652.041200,3.6070E-006
1652.320000,3.6500E-006
1652.598800,3.7520E-006
1652.877600,3.7160E-006
1653.156400,3.7610E-006
1653.435200,3.6240E-006
1653.714000,3.6160E-006
1653.992800,3.6640E-006
1654.271600,3.6560E-006
1654.550400,3.6860E-006
1654.829200,3.8060E-006
1655.108000,3.8170E-006
1655.386800,3.8300E-006
1655.665600,3.6900E-006
1655.944400,3.7580E-006
1656.223200,3.8680E-006
1656.502000,3.6510E-006
1656.780800,3.7930E-006
1657.059600,3.8050E-006
1657.338400,3.8630E-006
1657.617200,3.9600E-006
1657.896000,3.7690E-006
1658.174800,3.8950E-006
1658.453600,3.8660E-006
1658.732400,3.9390E-006
1659.011200,3.9030E-006
1659.290000,3.9680E-006
1659.568800,3.8740E-006
1659.847600,3.9610E-006
1660.126400,3.9480E-006
1660.405200,3.8890E-006
1660.684000,3.8540E-006
1660.962800,4.0120E-006
1661.241600,4.1090E-006
1661.520400,3.9100E-006
1661.799200,4.1970E-006
1662.078000,4.1290E-006
1662.356800,4.0830E-006
1662.635600,4.0690E-006
1662.914400,4.1980E-006
1663.193200,4.2800E-006
1663.472000,4.2910E-006
1663.750800,4.2930E-006
1664.029600,4.2210E-006
1664.308400,4.3710E-006
1664.587200,4.1620E-006
1664.866000,4.3100E-006
1665.144800,4.3300E-006
1665.423600,4.2180E-006
1665.702400,4.2760E-006
1665.981200,4.2770E-006
1666.260000,4.4480E-006
1666.538800,4.4980E-006
1666.817600,4.4900E-006
1667.096400,4.4620E-006
1667.375200,4.4020E-006
1667.654000,4.6120E-006
1667.932800,4.6410E-006
1668.211600,4.8260E-006
1668.490400,4.7670E-006
1668.769200,4.9710E-006
1669.048000,4.9460E-006
1669.326800,4.8510E-006
1669.605600,4.8660E-006
1669.884400,4.8970E-006
1670.163200,5.1030E-006
1670.442000,5.0480E-006
1670.720800,5.0420E-006
1670.999600,5.1150E-006
1671.278400,5.3200E-006
1671.557200,5.2760E-006
1671.836000,5.2340E-006
1672.114800,5.2850E-006
1672.393600,5.5140E-006
1672.672400,5.4770E-006
1672.951200,5.7910E-006
1673.230000,5.4480E-006
1673.508800,5.5660E-006
1673.787600,5.8580E-006
1674.066400,5.6130E-006
1674.345200,5.8540E-006
1674.624000,5.8540E-006
1674.902800,6.0970E-006
1675.181600,5.7240E-006
1675.460400,6.2930E-006
1675.739200,6.1290E-006
1676.018000,6.1540E-006
1676.296800,6.2980E-006
1676.575600,6.4440E-006
1676.854400,6.1250E-006
1677.133200,6.7110E-006
1677.412000,6.2350E-006
1677.690800,6.8060E-006
1677.969600,6.7550E-006
1678.248400,6.7730E-006
1678.527200,6.7310E-006
1678.806000,7.0210E-006
1679.084800,6.8310E-006
1679.363600,7.1220E-006
1679.642400,6.8700E-006
1679.921200,7.1990E-006
1680.200000,7.2090E-006
1680.478800,7.0720E-006
1680.757600,7.3380E-006
1681.036400,7.4550E-006
1681.315200,7.3520E-006
1681.594000,7.2980E-006
1681.872800,7.6540E-006
1682.151600,7.3980E-006
1682.430400,7.9180E-006
1682.709200,7.9630E-006
1682.988000,7.6440E-006
1683.266800,7.6640E-006
1683.545600,7.8490E-006
1683.824400,8.0500E-006
1684.103200,7.7880E-006
1684.382000,8.4160E-006
1684.660800,8.3960E-006
1684.939600,8.6080E-006
1685.218400,8.1810E-006
1685.497200,8.6510E-006
1685.776000,8.5320E-006
1686.054800,8.4390E-006
1686.333600,8.5670E-006
1686.612400,8.5560E-006
1686.891200,8.8740E-006
1687.170000,8.9240E-006
1687.448800,8.5520E-006
1687.727600,8.7450E-006
1688.006400,9.0850E-006
1688.285200,8.7430E-006
1688.564000,8.9160E-006
1688.842800,8.5740E-006
1689.121600,9.5140E-006
1689.400400,9.5370E-006
1689.679200,9.6200E-006
1689.958000,9.2490E-006
1690.236800,9.2940E-006
1690.515600,9.2270E-006
1690.794400,9.3300E-006
1691.073200,9.8930E-006
1691.352000,9.6430E-006
1691.630800,9.5050E-006
1691.909600,9.7970E-006
1692.188400,9.5500E-006
1692.467200,1.0230E-005
1692.746000,9.6940E-006
1693.024800,9.6910E-006
1693.303600,9.8630E-006
1693.582400,9.6100E-006
1693.861200,1.0080E-005
1694.140000,9.6620E-006
1694.418800,1.0200E-005
1694.697600,9.6290E-006
1694.976400,1.0420E-005
1695.255200,9.8130E-006
1695.534000,9.8830E-006
1695.812800,9.8860E-006
1696.091600,1.0610E-005
1696.370400,1.0790E-005
1696.649200,1.0280E-005
1696.928000,9.8900E-006
1697.206800,1.0000E-005
1697.485600,9.8440E-006
1697.764400,9.9780E-006
1698.043200,9.9450E-006
1698.322000,1.0610E-005
1698.600800,1.0800E-005
1698.879600,9.9840E-006
1699.158400,1.1330E-005
1699.437200,1.0460E-005
1699.716000,1.0220E-005
1699.994800,1.0480E-005
1700.273600,9.5750E-006
1700.552400,1.0740E-005
1700.831200,9.8630E-006
1701.110000,1.0340E-005
1701.388800,9.9490E-006
1701.667600,1.1020E-005
1701.946400,1.2010E-005
1702.225200,1.0840E-005
1702.504000,1.0880E-005
1702.782800,1.0990E-005
1703.061600,1.0800E-005
1703.340400,1.0570E-005
1703.619200,1.0660E-005
1703.898000,1.0840E-005
1704.176800,1.1050E-005
1704.455600,1.1040E-005
1704.734400,1.0140E-005
1705.013200,1.0470E-005
1705.292000,1.1070E-005
1705.570800,1.0030E-005
1705.849600,1.1120E-005
1706.128400,1.1820E-005
1706.407200,1.1480E-005
1706.686000,1.1750E-005
1706.964800,1.1690E-005
1707.243600,1.0500E-005
1707.522400,1.1950E-005
1707.801200,1.0710E-005
1708.080000,1.0770E-005
1708.358800,1.0450E-005
1708.637600,1.1730E-005
1708.916400,1.0790E-005
1709.195200,1.1810E-005
1709.474000,1.0980E-005
1709.752800,1.0970E-005
1710.031600,1.1770E-005
1710.310400,1.1300E-005
1710.589200,1.2140E-005
1710.868000,1.1930E-005
1711.146800,1.1300E-005
1711.425600,1.2050E-005
1711.704400,1.2230E-005
1711.983200,1.1820E-005
1712.262000,1.1590E-005
1712.540800,1.1390E-005
1712.819600,1.0930E-005
1713.098400,1.1710E-005
1713.377200,1.2510E-005
1713.656000,1.2160E-005
1713.934800,1.2500E-005
1714.213600,1.1900E-005
1714.492400,1.2970E-005
1714.771200,1.1730E-005
1715.050000,1.2490E-005
1715.328800,1.1510E-005
1715.607600,1.1900E-005
1715.886400,1.2370E-005
1716.165200,1.1600E-005
1716.444000,1.3340E-005
1716.722800,1.1730E-005
1717.001600,1.1980E-005
1717.280400,1.3410E-005
1717.559200,1.1980E-005
1717.838000,1.3520E-005
1718.116800,1.3560E-005
1718.395600,1.3270E-005
1718.674400,1.2770E-005
1718.953200,1.2050E-005
1719.232000,1.1980E-005
1719.510800,1.2490E-005
1719.789600,1.2380E-005
1720.068400,1.2550E-005
1720.347200,1.3170E-005
1720.626000,1.3700E-005
1720.904800,1.2850E-005
1721.183600,1.3620E-005
1721.462400,1.3880E-005
1721.741200,1.3350E-005
1722.020000,1.4380E-005
1722.298800,1.2570E-005
1722.577600,1.2800E-005
1722.856400,1.3010E-005
1723.135200,1.2420E-005
1723.414000,1.4980E-005
1723.692800,1.5620E-005
1723.971600,1.3820E-005
1724.250400,1.4020E-005
1724.529200,1.5400E-005
1724.808000,1.4180E-005
1725.086800,1.3640E-005
1725.365600,1.4610E-005
1725.644400,1.4060E-005
1725.923200,1.4950E-005
1726.202000,1.4180E-005
1726.480800,1.5740E-005
1726.759600,1.4380E-005
1727.038400,1.6170E-005
1727.317200,1.5330E-005
1727.596000,1.4910E-005
1727.874800,1.6450E-005
1728.153600,1.5590E-005
1728.432400,1.6130E-005
1728.711200,1.5720E-005
1728.990000,1.5770E-005
1729.268800,1.4990E-005
1729.547600,1.7070E-005
1729.826400,1.5550E-005
1730.105200,1.4080E-005
1730.384000,1.3380E-005
1730.662800,1.4500E-005
1730.941600,1.7550E-005
1731.220400,1.4350E-005
1731.499200,1.4710E-005
1731.778000,1.5590E-005
1732.056800,1.6550E-005
1732.335600,1.6120E-005
1732.614400,1.7720E-005
1732.893200,1.6230E-005
1733.172000,1.8170E-005
1733.450800,1.5300E-005
1733.729600,1.7910E-005
1734.008400,1.5510E-005
1734.287200,1.6630E-005
1734.566000,1.6530E-005
1734.844800,1.8410E-005
1735.123600,1.5590E-005
1735.402400,1.7990E-005
1735.681200,1.7910E-005
1735.960000,1.6730E-005
1736.238800,1.7730E-005
1736.517600,1.9360E-005
1736.796400,1.8330E-005
1737.075200,1.5850E-005
1737.354000,1.8770E-005
1737.632800,2.1930E-005
1737.911600,1.7400E-005
1738.190400,1.8470E-005
1738.469200,1.9690E-005
1738.748000,1.6700E-005
1739.026800,1.9480E-005
1739.305600,1.8150E-005
1739.584400,1.9790E-005
1739.863200,1.8110E-005
1740.142000,1.9820E-005
1740.420800,2.2960E-005
1740.699600,2.1750E-005
1740.978400,2.0940E-005
1741.257200,2.2780E-005
1741.536000,2.2840E-005
1741.814800,2.0750E-005
1742.093600,2.2020E-005
1742.372400,2.1220E-005
1742.651200,1.8230E-005
1742.930000,2.1820E-005
1743.208800,2.1060E-005
1743.487600,1.8710E-005
1743.766400,2.3600E-005
1744.045200,2.0080E-005
1744.324000,1.9040E-005
1744.602800,1.9750E-005
1744.881600,2.2530E-005
1745.160400,2.0640E-005
1745.439200,2.0170E-005
1745.718000,2.1350E-005
1745.996800,2.3510E-005
1746.275600,2.3200E-005
1746.554400,2.4100E-005
1746.833200,1.9730E-005
1747.112000,2.0450E-005
1747.390800,2.1230E-005
1747.669600,2.3480E-005
1747.948400,2.1040E-005
1748.227200,2.4130E-005
1748.506000,2.3480E-005
1748.784800,1.9670E-005
1749.063600,2.2880E-005
1749.342400,2.6260E-005
1749.621200,2.1170E-005
1749.900000,2.0140E-005
