File,MUESTRA_0_27_25.csv,
Date/Time,23-02-16/20:28,

Center Wavelength,1471.1,nm
Span Wavelength,557.6,nm
Start Wavelength,1192.3,nm
Stop Wavelength,1749.9,nm
Value In Air/Vacuum,Vacuum,
Optical Attenuater,Off,
Resolution,0.5,nm
Actual Resolution,0.494,nm
VBW,2000,Hz
Point Average,Off,
Sweep Average,1,
Smooth,Off,
Sampling Points,2001,pt
Trace Type,Write,
Trace Storage Mode,Off,
Trace Calculate Trace 1,-,
Trace Calculate Trace 2,-,
Dynamic Range,Normal,
Ext-Trigger,Off,
Interval Time,Off,
MM Mode,Off,

Trace,A
Start,1192.3,nm
Stop,1749.9,nm
1192.300000,8.3940E-007
1192.578800,7.9880E-007
1192.857600,8.7670E-007
1193.136400,8.4210E-007
1193.415200,8.3770E-007
1193.694000,8.3670E-007
1193.972800,8.6450E-007
1194.251600,8.5820E-007
1194.530400,8.4670E-007
1194.809200,8.3210E-007
1195.088000,9.2870E-007
1195.366800,8.3580E-007
1195.645600,8.5130E-007
1195.924400,8.4790E-007
1196.203200,8.5390E-007
1196.482000,9.0110E-007
1196.760800,8.7440E-007
1197.039600,8.7080E-007
1197.318400,8.7680E-007
1197.597200,8.1900E-007
1197.876000,8.1840E-007
1198.154800,8.7100E-007
1198.433600,8.1050E-007
1198.712400,8.8010E-007
1198.991200,8.3190E-007
1199.270000,8.3600E-007
1199.548800,8.4270E-007
1199.827600,9.0460E-007
1200.106400,8.1460E-007
1200.385200,8.3750E-007
1200.664000,8.6970E-007
1200.942800,8.1110E-007
1201.221600,8.3300E-007
1201.500400,8.3570E-007
1201.779200,8.1130E-007
1202.058000,8.1180E-007
1202.336800,8.6790E-007
1202.615600,8.2800E-007
1202.894400,7.9500E-007
1203.173200,8.0480E-007
1203.452000,8.6090E-007
1203.730800,8.5120E-007
1204.009600,8.9120E-007
1204.288400,8.4150E-007
1204.567200,8.3140E-007
1204.846000,8.2390E-007
1205.124800,7.9480E-007
1205.403600,8.8220E-007
1205.682400,8.2090E-007
1205.961200,7.9130E-007
1206.240000,8.4580E-007
1206.518800,8.4460E-007
1206.797600,8.1380E-007
1207.076400,7.9610E-007
1207.355200,7.9140E-007
1207.634000,8.4250E-007
1207.912800,8.3460E-007
1208.191600,8.1860E-007
1208.470400,7.9720E-007
1208.749200,7.9890E-007
1209.028000,7.9610E-007
1209.306800,7.9300E-007
1209.585600,8.1910E-007
1209.864400,8.4300E-007
1210.143200,8.3790E-007
1210.422000,8.2800E-007
1210.700800,8.3680E-007
1210.979600,8.2070E-007
1211.258400,8.2240E-007
1211.537200,8.4840E-007
1211.816000,8.4970E-007
1212.094800,8.0290E-007
1212.373600,8.2090E-007
1212.652400,8.3200E-007
1212.931200,8.1070E-007
1213.210000,7.9890E-007
1213.488800,7.8300E-007
1213.767600,8.6320E-007
1214.046400,7.5850E-007
1214.325200,7.8060E-007
1214.604000,8.4290E-007
1214.882800,8.2220E-007
1215.161600,8.3050E-007
1215.440400,7.8410E-007
1215.719200,8.2900E-007
1215.998000,8.3330E-007
1216.276800,8.0450E-007
1216.555600,7.5210E-007
1216.834400,8.2920E-007
1217.113200,7.9610E-007
1217.392000,8.4420E-007
1217.670800,8.0410E-007
1217.949600,7.9160E-007
1218.228400,7.7230E-007
1218.507200,8.3970E-007
1218.786000,7.9160E-007
1219.064800,7.6590E-007
1219.343600,8.0940E-007
1219.622400,8.1540E-007
1219.901200,8.0010E-007
1220.180000,8.5250E-007
1220.458800,8.0030E-007
1220.737600,7.9270E-007
1221.016400,7.7360E-007
1221.295200,7.5160E-007
1221.574000,8.1880E-007
1221.852800,7.6730E-007
1222.131600,7.7750E-007
1222.410400,8.2600E-007
1222.689200,7.8090E-007
1222.968000,7.7540E-007
1223.246800,7.8190E-007
1223.525600,8.5140E-007
1223.804400,8.2770E-007
1224.083200,8.1900E-007
1224.362000,7.6340E-007
1224.640800,7.8640E-007
1224.919600,7.3260E-007
1225.198400,8.0170E-007
1225.477200,7.7690E-007
1225.756000,7.7160E-007
1226.034800,7.9410E-007
1226.313600,8.0760E-007
1226.592400,8.0460E-007
1226.871200,7.8960E-007
1227.150000,7.5080E-007
1227.428800,7.8860E-007
1227.707600,8.0320E-007
1227.986400,8.1050E-007
1228.265200,7.6600E-007
1228.544000,7.8920E-007
1228.822800,7.5300E-007
1229.101600,8.1120E-007
1229.380400,7.9300E-007
1229.659200,8.1260E-007
1229.938000,7.5060E-007
1230.216800,7.7410E-007
1230.495600,8.3280E-007
1230.774400,7.7620E-007
1231.053200,7.8620E-007
1231.332000,7.9350E-007
1231.610800,8.1240E-007
1231.889600,7.9170E-007
1232.168400,7.6440E-007
1232.447200,8.2490E-007
1232.726000,7.8490E-007
1233.004800,7.6380E-007
1233.283600,7.6880E-007
1233.562400,7.9230E-007
1233.841200,7.5810E-007
1234.120000,8.0580E-007
1234.398800,8.0130E-007
1234.677600,8.0250E-007
1234.956400,8.0750E-007
1235.235200,7.1560E-007
1235.514000,8.3210E-007
1235.792800,7.5820E-007
1236.071600,8.2130E-007
1236.350400,7.4290E-007
1236.629200,7.6400E-007
1236.908000,7.4600E-007
1237.186800,7.9000E-007
1237.465600,7.4040E-007
1237.744400,7.7390E-007
1238.023200,7.8280E-007
1238.302000,7.3790E-007
1238.580800,7.7380E-007
1238.859600,8.0340E-007
1239.138400,7.5770E-007
1239.417200,7.0030E-007
1239.696000,7.6630E-007
1239.974800,7.7230E-007
1240.253600,8.1600E-007
1240.532400,7.0650E-007
1240.811200,7.5010E-007
1241.090000,7.4610E-007
1241.368800,7.2110E-007
1241.647600,7.2830E-007
1241.926400,7.8430E-007
1242.205200,7.9230E-007
1242.484000,7.8670E-007
1242.762800,7.3110E-007
1243.041600,7.6460E-007
1243.320400,7.8740E-007
1243.599200,7.7340E-007
1243.878000,7.4510E-007
1244.156800,7.9740E-007
1244.435600,7.7490E-007
1244.714400,7.8500E-007
1244.993200,7.2080E-007
1245.272000,7.6310E-007
1245.550800,7.7880E-007
1245.829600,7.1010E-007
1246.108400,7.5400E-007
1246.387200,7.9980E-007
1246.666000,7.7200E-007
1246.944800,7.7670E-007
1247.223600,7.3240E-007
1247.502400,7.4450E-007
1247.781200,7.7430E-007
1248.060000,7.6520E-007
1248.338800,7.3040E-007
1248.617600,7.6640E-007
1248.896400,7.7140E-007
1249.175200,7.7420E-007
1249.454000,7.6110E-007
1249.732800,8.0090E-007
1250.011600,7.2640E-007
1250.290400,7.7440E-007
1250.569200,7.3960E-007
1250.848000,7.6090E-007
1251.126800,7.7790E-007
1251.405600,7.6550E-007
1251.684400,7.4970E-007
1251.963200,7.5990E-007
1252.242000,7.7140E-007
1252.520800,7.2910E-007
1252.799600,7.3100E-007
1253.078400,7.1040E-007
1253.357200,7.2800E-007
1253.636000,7.9420E-007
1253.914800,7.7020E-007
1254.193600,7.2370E-007
1254.472400,7.6060E-007
1254.751200,7.2920E-007
1255.030000,7.6820E-007
1255.308800,7.0490E-007
1255.587600,7.6670E-007
1255.866400,6.9110E-007
1256.145200,7.4960E-007
1256.424000,7.6210E-007
1256.702800,6.9370E-007
1256.981600,7.2530E-007
1257.260400,7.3190E-007
1257.539200,7.3930E-007
1257.818000,7.6590E-007
1258.096800,7.1400E-007
1258.375600,7.5500E-007
1258.654400,7.2100E-007
1258.933200,7.3270E-007
1259.212000,7.6660E-007
1259.490800,7.0310E-007
1259.769600,7.3020E-007
1260.048400,7.6840E-007
1260.327200,7.1660E-007
1260.606000,7.4940E-007
1260.884800,7.6600E-007
1261.163600,6.8570E-007
1261.442400,7.0840E-007
1261.721200,7.6810E-007
1262.000000,7.6090E-007
1262.278800,7.2590E-007
1262.557600,7.3290E-007
1262.836400,7.4190E-007
1263.115200,7.2450E-007
1263.394000,7.3230E-007
1263.672800,7.4550E-007
1263.951600,7.1570E-007
1264.230400,7.7810E-007
1264.509200,6.9530E-007
1264.788000,7.7680E-007
1265.066800,6.9730E-007
1265.345600,7.1400E-007
1265.624400,7.4520E-007
1265.903200,7.3800E-007
1266.182000,6.8780E-007
1266.460800,7.0910E-007
1266.739600,7.1310E-007
1267.018400,7.1090E-007
1267.297200,7.1150E-007
1267.576000,7.5990E-007
1267.854800,7.4860E-007
1268.133600,7.1180E-007
1268.412400,7.2230E-007
1268.691200,7.0950E-007
1268.970000,6.7570E-007
1269.248800,6.9410E-007
1269.527600,7.5470E-007
1269.806400,6.8230E-007
1270.085200,6.9530E-007
1270.364000,7.1630E-007
1270.642800,7.0000E-007
1270.921600,7.3050E-007
1271.200400,7.5030E-007
1271.479200,7.3740E-007
1271.758000,7.3830E-007
1272.036800,6.9380E-007
1272.315600,7.2150E-007
1272.594400,7.1140E-007
1272.873200,6.9930E-007
1273.152000,6.8000E-007
1273.430800,6.8320E-007
1273.709600,7.6320E-007
1273.988400,7.1240E-007
1274.267200,7.2390E-007
1274.546000,7.1660E-007
1274.824800,7.2580E-007
1275.103600,7.0020E-007
1275.382400,7.0380E-007
1275.661200,7.1040E-007
1275.940000,6.7470E-007
1276.218800,6.7910E-007
1276.497600,7.7880E-007
1276.776400,7.4280E-007
1277.055200,6.9660E-007
1277.334000,7.1340E-007
1277.612800,6.8550E-007
1277.891600,7.3960E-007
1278.170400,7.3750E-007
1278.449200,6.7770E-007
1278.728000,6.8800E-007
1279.006800,7.0470E-007
1279.285600,7.0300E-007
1279.564400,6.9610E-007
1279.843200,7.3400E-007
1280.122000,6.7010E-007
1280.400800,7.5200E-007
1280.679600,6.7320E-007
1280.958400,6.9150E-007
1281.237200,6.4940E-007
1281.516000,7.7050E-007
1281.794800,7.1930E-007
1282.073600,7.3160E-007
1282.352400,6.9190E-007
1282.631200,6.8960E-007
1282.910000,7.4160E-007
1283.188800,6.6690E-007
1283.467600,7.0570E-007
1283.746400,7.0660E-007
1284.025200,7.2770E-007
1284.304000,7.2180E-007
1284.582800,6.7920E-007
1284.861600,6.7960E-007
1285.140400,7.2970E-007
1285.419200,7.1660E-007
1285.698000,7.0180E-007
1285.976800,7.2790E-007
1286.255600,7.3260E-007
1286.534400,7.1760E-007
1286.813200,7.3120E-007
1287.092000,6.4810E-007
1287.370800,6.6060E-007
1287.649600,6.7380E-007
1287.928400,7.4850E-007
1288.207200,7.2890E-007
1288.486000,6.7060E-007
1288.764800,7.1240E-007
1289.043600,7.0460E-007
1289.322400,7.2620E-007
1289.601200,6.7580E-007
1289.880000,7.1980E-007
1290.158800,7.0550E-007
1290.437600,7.1010E-007
1290.716400,7.0560E-007
1290.995200,7.1040E-007
1291.274000,7.1670E-007
1291.552800,7.3000E-007
1291.831600,6.6880E-007
1292.110400,6.9590E-007
1292.389200,7.0120E-007
1292.668000,6.8210E-007
1292.946800,6.5950E-007
1293.225600,6.7910E-007
1293.504400,7.1120E-007
1293.783200,6.6590E-007
1294.062000,7.0600E-007
1294.340800,6.7770E-007
1294.619600,6.7860E-007
1294.898400,6.7270E-007
1295.177200,7.0060E-007
1295.456000,7.0620E-007
1295.734800,7.2380E-007
1296.013600,7.1350E-007
1296.292400,6.9690E-007
1296.571200,6.9060E-007
1296.850000,7.1660E-007
1297.128800,6.6280E-007
1297.407600,6.4580E-007
1297.686400,7.2290E-007
1297.965200,7.4160E-007
1298.244000,6.7900E-007
1298.522800,6.9780E-007
1298.801600,6.7300E-007
1299.080400,6.7970E-007
1299.359200,6.6990E-007
1299.638000,6.6070E-007
1299.916800,6.8220E-007
1300.195600,6.5500E-007
1300.474400,6.8820E-007
1300.753200,7.0010E-007
1301.032000,6.8950E-007
1301.310800,7.4760E-007
1301.589600,6.9520E-007
1301.868400,7.0520E-007
1302.147200,7.0250E-007
1302.426000,7.3930E-007
1302.704800,6.4870E-007
1302.983600,6.4970E-007
1303.262400,7.0980E-007
1303.541200,6.9350E-007
1303.820000,7.0250E-007
1304.098800,6.9520E-007
1304.377600,6.7500E-007
1304.656400,7.0370E-007
1304.935200,6.4760E-007
1305.214000,7.0660E-007
1305.492800,7.3020E-007
1305.771600,6.3670E-007
1306.050400,7.2050E-007
1306.329200,7.1650E-007
1306.608000,6.8930E-007
1306.886800,6.3500E-007
1307.165600,7.2650E-007
1307.444400,6.9560E-007
1307.723200,6.9680E-007
1308.002000,7.3060E-007
1308.280800,6.8700E-007
1308.559600,6.9710E-007
1308.838400,7.2220E-007
1309.117200,7.0130E-007
1309.396000,6.8460E-007
1309.674800,7.1700E-007
1309.953600,7.0450E-007
1310.232400,6.6380E-007
1310.511200,6.9700E-007
1310.790000,7.0430E-007
1311.068800,6.7640E-007
1311.347600,6.7700E-007
1311.626400,6.7980E-007
1311.905200,6.9760E-007
1312.184000,6.4650E-007
1312.462800,6.7500E-007
1312.741600,7.1650E-007
1313.020400,6.7110E-007
1313.299200,6.7320E-007
1313.578000,6.4520E-007
1313.856800,6.7750E-007
1314.135600,6.7010E-007
1314.414400,7.0270E-007
1314.693200,6.5050E-007
1314.972000,6.8270E-007
1315.250800,6.3700E-007
1315.529600,6.8160E-007
1315.808400,6.8620E-007
1316.087200,6.5850E-007
1316.366000,6.7430E-007
1316.644800,6.7120E-007
1316.923600,6.9210E-007
1317.202400,6.7710E-007
1317.481200,6.4690E-007
1317.760000,6.9120E-007
1318.038800,7.1250E-007
1318.317600,6.6940E-007
1318.596400,6.5650E-007
1318.875200,6.6980E-007
1319.154000,6.7010E-007
1319.432800,6.5600E-007
1319.711600,7.2500E-007
1319.990400,6.9510E-007
1320.269200,6.8330E-007
1320.548000,7.1260E-007
1320.826800,7.0250E-007
1321.105600,7.0310E-007
1321.384400,6.6700E-007
1321.663200,6.9500E-007
1321.942000,7.0660E-007
1322.220800,6.5780E-007
1322.499600,6.8700E-007
1322.778400,6.7280E-007
1323.057200,6.8600E-007
1323.336000,6.2160E-007
1323.614800,6.8760E-007
1323.893600,6.3470E-007
1324.172400,6.8440E-007
1324.451200,6.8330E-007
1324.730000,6.8650E-007
1325.008800,7.1060E-007
1325.287600,6.5850E-007
1325.566400,6.7010E-007
1325.845200,7.0540E-007
1326.124000,6.1410E-007
1326.402800,6.9210E-007
1326.681600,7.1910E-007
1326.960400,6.4980E-007
1327.239200,6.3850E-007
1327.518000,7.2430E-007
1327.796800,6.4180E-007
1328.075600,6.7900E-007
1328.354400,6.6930E-007
1328.633200,6.6440E-007
1328.912000,7.2580E-007
1329.190800,6.5240E-007
1329.469600,6.6830E-007
1329.748400,7.1150E-007
1330.027200,6.5020E-007
1330.306000,6.6940E-007
1330.584800,6.9800E-007
1330.863600,6.2160E-007
1331.142400,7.1990E-007
1331.421200,6.3880E-007
1331.700000,7.2420E-007
1331.978800,6.9200E-007
1332.257600,7.2190E-007
1332.536400,6.9940E-007
1332.815200,6.5940E-007
1333.094000,6.9080E-007
1333.372800,7.0710E-007
1333.651600,6.7800E-007
1333.930400,7.0130E-007
1334.209200,6.9300E-007
1334.488000,6.6790E-007
1334.766800,6.3470E-007
1335.045600,6.6910E-007
1335.324400,6.5580E-007
1335.603200,7.0720E-007
1335.882000,6.6980E-007
1336.160800,6.9120E-007
1336.439600,6.6100E-007
1336.718400,6.6720E-007
1336.997200,6.4260E-007
1337.276000,7.0270E-007
1337.554800,6.8430E-007
1337.833600,6.4900E-007
1338.112400,6.7010E-007
1338.391200,6.5540E-007
1338.670000,6.3470E-007
1338.948800,6.7160E-007
1339.227600,6.9610E-007
1339.506400,6.9580E-007
1339.785200,6.7830E-007
1340.064000,6.7400E-007
1340.342800,6.8380E-007
1340.621600,6.7400E-007
1340.900400,6.5670E-007
1341.179200,6.9950E-007
1341.458000,7.0170E-007
1341.736800,6.7160E-007
1342.015600,6.5980E-007
1342.294400,6.7050E-007
1342.573200,6.6460E-007
1342.852000,6.7390E-007
1343.130800,7.0000E-007
1343.409600,7.0430E-007
1343.688400,7.2120E-007
1343.967200,6.9510E-007
1344.246000,6.9160E-007
1344.524800,6.9310E-007
1344.803600,6.3720E-007
1345.082400,6.5210E-007
1345.361200,6.8040E-007
1345.640000,6.8490E-007
1345.918800,6.6390E-007
1346.197600,7.3800E-007
1346.476400,6.4660E-007
1346.755200,7.0840E-007
1347.034000,6.4740E-007
1347.312800,6.7410E-007
1347.591600,6.8600E-007
1347.870400,6.9640E-007
1348.149200,6.5400E-007
1348.428000,6.6780E-007
1348.706800,6.7870E-007
1348.985600,6.9920E-007
1349.264400,6.7190E-007
1349.543200,6.7430E-007
1349.822000,6.9060E-007
1350.100800,6.6770E-007
1350.379600,6.6250E-007
1350.658400,6.9780E-007
1350.937200,7.2420E-007
1351.216000,7.0750E-007
1351.494800,7.0010E-007
1351.773600,6.7840E-007
1352.052400,6.5920E-007
1352.331200,7.0260E-007
1352.610000,7.3020E-007
1352.888800,6.5950E-007
1353.167600,6.8090E-007
1353.446400,6.9320E-007
1353.725200,7.0730E-007
1354.004000,6.9970E-007
1354.282800,6.6770E-007
1354.561600,6.6850E-007
1354.840400,6.9580E-007
1355.119200,6.9590E-007
1355.398000,7.2670E-007
1355.676800,7.3160E-007
1355.955600,7.0660E-007
1356.234400,7.0460E-007
1356.513200,7.2510E-007
1356.792000,7.1850E-007
1357.070800,6.7360E-007
1357.349600,6.8720E-007
1357.628400,7.4270E-007
1357.907200,6.8460E-007
1358.186000,6.9440E-007
1358.464800,7.0180E-007
1358.743600,6.8530E-007
1359.022400,7.2010E-007
1359.301200,7.2430E-007
1359.580000,7.0260E-007
1359.858800,7.1000E-007
1360.137600,6.8390E-007
1360.416400,7.3000E-007
1360.695200,7.2790E-007
1360.974000,6.6580E-007
1361.252800,7.0290E-007
1361.531600,7.0800E-007
1361.810400,6.9860E-007
1362.089200,6.9190E-007
1362.368000,6.5530E-007
1362.646800,7.0360E-007
1362.925600,7.2160E-007
1363.204400,6.8600E-007
1363.483200,6.7280E-007
1363.762000,7.0270E-007
1364.040800,6.5170E-007
1364.319600,7.2660E-007
1364.598400,7.1380E-007
1364.877200,6.9020E-007
1365.156000,6.8400E-007
1365.434800,7.0310E-007
1365.713600,6.6180E-007
1365.992400,6.3170E-007
1366.271200,6.9910E-007
1366.550000,6.3720E-007
1366.828800,6.6660E-007
1367.107600,6.3300E-007
1367.386400,7.1460E-007
1367.665200,7.1950E-007
1367.944000,6.8240E-007
1368.222800,6.7010E-007
1368.501600,7.3380E-007
1368.780400,6.6620E-007
1369.059200,6.8730E-007
1369.338000,7.0350E-007
1369.616800,7.3460E-007
1369.895600,7.1730E-007
1370.174400,6.9390E-007
1370.453200,7.3300E-007
1370.732000,6.1140E-007
1371.010800,7.5540E-007
1371.289600,7.0540E-007
1371.568400,6.9020E-007
1371.847200,7.7860E-007
1372.126000,6.9850E-007
1372.404800,7.3940E-007
1372.683600,6.8010E-007
1372.962400,6.3710E-007
1373.241200,6.3800E-007
1373.520000,6.3360E-007
1373.798800,6.8920E-007
1374.077600,6.9460E-007
1374.356400,6.9390E-007
1374.635200,6.6060E-007
1374.914000,6.7040E-007
1375.192800,6.4690E-007
1375.471600,6.4030E-007
1375.750400,6.3470E-007
1376.029200,5.8290E-007
1376.308000,6.8570E-007
1376.586800,6.6780E-007
1376.865600,6.4280E-007
1377.144400,6.8240E-007
1377.423200,6.8190E-007
1377.702000,6.5900E-007
1377.980800,6.6940E-007
1378.259600,6.4990E-007
1378.538400,6.0500E-007
1378.817200,7.0290E-007
1379.096000,6.6990E-007
1379.374800,6.5120E-007
1379.653600,6.8400E-007
1379.932400,6.4190E-007
1380.211200,6.7090E-007
1380.490000,6.9790E-007
1380.768800,6.6810E-007
1381.047600,6.4790E-007
1381.326400,6.4630E-007
1381.605200,6.9940E-007
1381.884000,6.8770E-007
1382.162800,6.5270E-007
1382.441600,7.0880E-007
1382.720400,7.3980E-007
1382.999200,7.0770E-007
1383.278000,6.9970E-007
1383.556800,7.0930E-007
1383.835600,6.4690E-007
1384.114400,7.1070E-007
1384.393200,6.5290E-007
1384.672000,6.5490E-007
1384.950800,7.0180E-007
1385.229600,7.2930E-007
1385.508400,7.3750E-007
1385.787200,6.7070E-007
1386.066000,7.4420E-007
1386.344800,7.1730E-007
1386.623600,7.0640E-007
1386.902400,6.3560E-007
1387.181200,6.7910E-007
1387.460000,7.1590E-007
1387.738800,7.0130E-007
1388.017600,6.9410E-007
1388.296400,6.7610E-007
1388.575200,7.2880E-007
1388.854000,6.8140E-007
1389.132800,6.7760E-007
1389.411600,6.7120E-007
1389.690400,7.3210E-007
1389.969200,6.3310E-007
1390.248000,6.8610E-007
1390.526800,7.1450E-007
1390.805600,6.9280E-007
1391.084400,6.8440E-007
1391.363200,7.2390E-007
1391.642000,6.6110E-007
1391.920800,6.9500E-007
1392.199600,6.7600E-007
1392.478400,6.8960E-007
1392.757200,7.0340E-007
1393.036000,7.3770E-007
1393.314800,6.5060E-007
1393.593600,7.1020E-007
1393.872400,7.0040E-007
1394.151200,6.9170E-007
1394.430000,7.4200E-007
1394.708800,7.1300E-007
1394.987600,7.3450E-007
1395.266400,7.0520E-007
1395.545200,7.0760E-007
1395.824000,7.4580E-007
1396.102800,7.2720E-007
1396.381600,6.7260E-007
1396.660400,7.1870E-007
1396.939200,7.1380E-007
1397.218000,7.2940E-007
1397.496800,7.5040E-007
1397.775600,7.0050E-007
1398.054400,7.5520E-007
1398.333200,6.9570E-007
1398.612000,7.4010E-007
1398.890800,7.5430E-007
1399.169600,7.4310E-007
1399.448400,7.3740E-007
1399.727200,7.7310E-007
1400.006000,7.8510E-007
1400.284800,7.7380E-007
1400.563600,7.5520E-007
1400.842400,7.2230E-007
1401.121200,7.5510E-007
1401.400000,8.0560E-007
1401.678800,8.1440E-007
1401.957600,7.3090E-007
1402.236400,7.1610E-007
1402.515200,7.8160E-007
1402.794000,7.7720E-007
1403.072800,7.0940E-007
1403.351600,7.9800E-007
1403.630400,7.6420E-007
1403.909200,8.1030E-007
1404.188000,7.9010E-007
1404.466800,7.3070E-007
1404.745600,7.3460E-007
1405.024400,8.1740E-007
1405.303200,7.8690E-007
1405.582000,7.9860E-007
1405.860800,7.4110E-007
1406.139600,7.2920E-007
1406.418400,7.9950E-007
1406.697200,7.9410E-007
1406.976000,7.1730E-007
1407.254800,7.6610E-007
1407.533600,7.4750E-007
1407.812400,7.7080E-007
1408.091200,7.5330E-007
1408.370000,7.8750E-007
1408.648800,7.0940E-007
1408.927600,7.5880E-007
1409.206400,7.6070E-007
1409.485200,7.4050E-007
1409.764000,7.4070E-007
1410.042800,7.5920E-007
1410.321600,7.7120E-007
1410.600400,7.8950E-007
1410.879200,7.0160E-007
1411.158000,7.5120E-007
1411.436800,7.7840E-007
1411.715600,7.2580E-007
1411.994400,7.5270E-007
1412.273200,7.5600E-007
1412.552000,7.2170E-007
1412.830800,7.4080E-007
1413.109600,8.0570E-007
1413.388400,7.2920E-007
1413.667200,7.9820E-007
1413.946000,7.6950E-007
1414.224800,7.8100E-007
1414.503600,7.7460E-007
1414.782400,7.3470E-007
1415.061200,7.7230E-007
1415.340000,7.0450E-007
1415.618800,7.2580E-007
1415.897600,7.7660E-007
1416.176400,8.1830E-007
1416.455200,7.8530E-007
1416.734000,7.2150E-007
1417.012800,7.2900E-007
1417.291600,7.6470E-007
1417.570400,7.8220E-007
1417.849200,8.1400E-007
1418.128000,7.8170E-007
1418.406800,8.3510E-007
1418.685600,7.5320E-007
1418.964400,7.9270E-007
1419.243200,8.0500E-007
1419.522000,7.9060E-007
1419.800800,7.5550E-007
1420.079600,7.7510E-007
1420.358400,7.9500E-007
1420.637200,8.1860E-007
1420.916000,8.4760E-007
1421.194800,8.1830E-007
1421.473600,8.4870E-007
1421.752400,8.0420E-007
1422.031200,8.0380E-007
1422.310000,7.7330E-007
1422.588800,8.3570E-007
1422.867600,8.1780E-007
1423.146400,7.7180E-007
1423.425200,8.0870E-007
1423.704000,8.0290E-007
1423.982800,8.5860E-007
1424.261600,8.5570E-007
1424.540400,8.5510E-007
1424.819200,8.9480E-007
1425.098000,8.6680E-007
1425.376800,8.8330E-007
1425.655600,8.7490E-007
1425.934400,8.3340E-007
1426.213200,8.9470E-007
1426.492000,8.5650E-007
1426.770800,9.2120E-007
1427.049600,8.9400E-007
1427.328400,9.0260E-007
1427.607200,8.8620E-007
1427.886000,8.9850E-007
1428.164800,9.3080E-007
1428.443600,9.0030E-007
1428.722400,9.0570E-007
1429.001200,9.3720E-007
1429.280000,9.3510E-007
1429.558800,9.0550E-007
1429.837600,9.8680E-007
1430.116400,9.4430E-007
1430.395200,9.6990E-007
1430.674000,9.4740E-007
1430.952800,9.7150E-007
1431.231600,9.5820E-007
1431.510400,9.7230E-007
1431.789200,9.5330E-007
1432.068000,9.7390E-007
1432.346800,1.0100E-006
1432.625600,9.4620E-007
1432.904400,9.9880E-007
1433.183200,1.0180E-006
1433.462000,9.0220E-007
1433.740800,9.9530E-007
1434.019600,9.7090E-007
1434.298400,9.9890E-007
1434.577200,1.0070E-006
1434.856000,9.8210E-007
1435.134800,9.7780E-007
1435.413600,9.8280E-007
1435.692400,1.0210E-006
1435.971200,1.0290E-006
1436.250000,1.0220E-006
1436.528800,1.0360E-006
1436.807600,1.0140E-006
1437.086400,1.0460E-006
1437.365200,1.0110E-006
1437.644000,1.1010E-006
1437.922800,1.0740E-006
1438.201600,1.0290E-006
1438.480400,1.0630E-006
1438.759200,1.0450E-006
1439.038000,1.1120E-006
1439.316800,1.1320E-006
1439.595600,1.1060E-006
1439.874400,1.0700E-006
1440.153200,1.1420E-006
1440.432000,1.0900E-006
1440.710800,1.1570E-006
1440.989600,1.1750E-006
1441.268400,1.0740E-006
1441.547200,1.1280E-006
1441.826000,1.1760E-006
1442.104800,1.1240E-006
1442.383600,1.0970E-006
1442.662400,1.1560E-006
1442.941200,1.1370E-006
1443.220000,1.1960E-006
1443.498800,1.2060E-006
1443.777600,1.1990E-006
1444.056400,1.2180E-006
1444.335200,1.1480E-006
1444.614000,1.1970E-006
1444.892800,1.1210E-006
1445.171600,1.1980E-006
1445.450400,1.1630E-006
1445.729200,1.1910E-006
1446.008000,1.2220E-006
1446.286800,1.1290E-006
1446.565600,1.2080E-006
1446.844400,1.2260E-006
1447.123200,1.2250E-006
1447.402000,1.2220E-006
1447.680800,1.2260E-006
1447.959600,1.2660E-006
1448.238400,1.2700E-006
1448.517200,1.2880E-006
1448.796000,1.1990E-006
1449.074800,1.3070E-006
1449.353600,1.2810E-006
1449.632400,1.2830E-006
1449.911200,1.2930E-006
1450.190000,1.3400E-006
1450.468800,1.3120E-006
1450.747600,1.3700E-006
1451.026400,1.3070E-006
1451.305200,1.3620E-006
1451.584000,1.3540E-006
1451.862800,1.3290E-006
1452.141600,1.3590E-006
1452.420400,1.3910E-006
1452.699200,1.3300E-006
1452.978000,1.3480E-006
1453.256800,1.3700E-006
1453.535600,1.3550E-006
1453.814400,1.4060E-006
1454.093200,1.4630E-006
1454.372000,1.3900E-006
1454.650800,1.3560E-006
1454.929600,1.4530E-006
1455.208400,1.4450E-006
1455.487200,1.4340E-006
1455.766000,1.4560E-006
1456.044800,1.4570E-006
1456.323600,1.4230E-006
1456.602400,1.4540E-006
1456.881200,1.4770E-006
1457.160000,1.4300E-006
1457.438800,1.4580E-006
1457.717600,1.5210E-006
1457.996400,1.4850E-006
1458.275200,1.5000E-006
1458.554000,1.5150E-006
1458.832800,1.4870E-006
1459.111600,1.4910E-006
1459.390400,1.5790E-006
1459.669200,1.4690E-006
1459.948000,1.5460E-006
1460.226800,1.5880E-006
1460.505600,1.5770E-006
1460.784400,1.6150E-006
1461.063200,1.6240E-006
1461.342000,1.6300E-006
1461.620800,1.6180E-006
1461.899600,1.6100E-006
1462.178400,1.6000E-006
1462.457200,1.6300E-006
1462.736000,1.6280E-006
1463.014800,1.6600E-006
1463.293600,1.6600E-006
1463.572400,1.6730E-006
1463.851200,1.6830E-006
1464.130000,1.6580E-006
1464.408800,1.6860E-006
1464.687600,1.6890E-006
1464.966400,1.6850E-006
1465.245200,1.7160E-006
1465.524000,1.7630E-006
1465.802800,1.7070E-006
1466.081600,1.7310E-006
1466.360400,1.7320E-006
1466.639200,1.8020E-006
1466.918000,1.7240E-006
1467.196800,1.7440E-006
1467.475600,1.7680E-006
1467.754400,1.7690E-006
1468.033200,1.8020E-006
1468.312000,1.7770E-006
1468.590800,1.8480E-006
1468.869600,1.7800E-006
1469.148400,1.7960E-006
1469.427200,1.8330E-006
1469.706000,1.8540E-006
1469.984800,1.8540E-006
1470.263600,1.8810E-006
1470.542400,1.8510E-006
1470.821200,1.8660E-006
1471.100000,1.8620E-006
1471.378800,1.9320E-006
1471.657600,1.9060E-006
1471.936400,1.9510E-006
1472.215200,1.9360E-006
1472.494000,1.9710E-006
1472.772800,1.9350E-006
1473.051600,1.9070E-006
1473.330400,1.9740E-006
1473.609200,1.9720E-006
1473.888000,1.9400E-006
1474.166800,2.0030E-006
1474.445600,2.0120E-006
1474.724400,1.9950E-006
1475.003200,2.0040E-006
1475.282000,2.0370E-006
1475.560800,2.0320E-006
1475.839600,2.0640E-006
1476.118400,2.0520E-006
1476.397200,2.0780E-006
1476.676000,2.0490E-006
1476.954800,2.0980E-006
1477.233600,2.0660E-006
1477.512400,2.1200E-006
1477.791200,2.1300E-006
1478.070000,2.1740E-006
1478.348800,2.1780E-006
1478.627600,2.1350E-006
1478.906400,2.1920E-006
1479.185200,2.2220E-006
1479.464000,2.1470E-006
1479.742800,2.2310E-006
1480.021600,2.1820E-006
1480.300400,2.2280E-006
1480.579200,2.2870E-006
1480.858000,2.2880E-006
1481.136800,2.2890E-006
1481.415600,2.2660E-006
1481.694400,2.3200E-006
1481.973200,2.3410E-006
1482.252000,2.3460E-006
1482.530800,2.3580E-006
1482.809600,2.3930E-006
1483.088400,2.4030E-006
1483.367200,2.4260E-006
1483.646000,2.4160E-006
1483.924800,2.4490E-006
1484.203600,2.4590E-006
1484.482400,2.5430E-006
1484.761200,2.4570E-006
1485.040000,2.5110E-006
1485.318800,2.4840E-006
1485.597600,2.5690E-006
1485.876400,2.5060E-006
1486.155200,2.6090E-006
1486.434000,2.6480E-006
1486.712800,2.5860E-006
1486.991600,2.5590E-006
1487.270400,2.6490E-006
1487.549200,2.6290E-006
1487.828000,2.6880E-006
1488.106800,2.6540E-006
1488.385600,2.6940E-006
1488.664400,2.7340E-006
1488.943200,2.7900E-006
1489.222000,2.7790E-006
1489.500800,2.8090E-006
1489.779600,2.8170E-006
1490.058400,2.8190E-006
1490.337200,2.8400E-006
1490.616000,2.9140E-006
1490.894800,2.8980E-006
1491.173600,2.9740E-006
1491.452400,2.9760E-006
1491.731200,3.0300E-006
1492.010000,3.0280E-006
1492.288800,3.0630E-006
1492.567600,3.0810E-006
1492.846400,3.1030E-006
1493.125200,3.1400E-006
1493.404000,3.1680E-006
1493.682800,3.2220E-006
1493.961600,3.2270E-006
1494.240400,3.3030E-006
1494.519200,3.3460E-006
1494.798000,3.3270E-006
1495.076800,3.3840E-006
1495.355600,3.4200E-006
1495.634400,3.4490E-006
1495.913200,3.4650E-006
1496.192000,3.4760E-006
1496.470800,3.4770E-006
1496.749600,3.5040E-006
1497.028400,3.5870E-006
1497.307200,3.6010E-006
1497.586000,3.6940E-006
1497.864800,3.7260E-006
1498.143600,3.7340E-006
1498.422400,3.7240E-006
1498.701200,3.7310E-006
1498.980000,3.8540E-006
1499.258800,3.8900E-006
1499.537600,4.0190E-006
1499.816400,4.0750E-006
1500.095200,4.1170E-006
1500.374000,4.0810E-006
1500.652800,4.1580E-006
1500.931600,4.2810E-006
1501.210400,4.4450E-006
1501.489200,4.5360E-006
1501.768000,4.4590E-006
1502.046800,4.5340E-006
1502.325600,4.5880E-006
1502.604400,4.7150E-006
1502.883200,4.7790E-006
1503.162000,4.8260E-006
1503.440800,4.8790E-006
1503.719600,4.9770E-006
1503.998400,4.9270E-006
1504.277200,4.9380E-006
1504.556000,5.0570E-006
1504.834800,5.0970E-006
1505.113600,5.1520E-006
1505.392400,5.2470E-006
1505.671200,5.4210E-006
1505.950000,5.5850E-006
1506.228800,5.7510E-006
1506.507600,5.7580E-006
1506.786400,5.9850E-006
1507.065200,6.2110E-006
1507.344000,6.5480E-006
1507.622800,6.8500E-006
1507.901600,6.9610E-006
1508.180400,7.0060E-006
1508.459200,6.7880E-006
1508.738000,6.7010E-006
1509.016800,6.9490E-006
1509.295600,7.4510E-006
1509.574400,7.9490E-006
1509.853200,8.0750E-006
1510.132000,8.0330E-006
1510.410800,8.4610E-006
1510.689600,9.2000E-006
1510.968400,9.8440E-006
1511.247200,1.0550E-005
1511.526000,1.1150E-005
1511.804800,1.1570E-005
1512.083600,1.1940E-005
1512.362400,1.2180E-005
1512.641200,1.2830E-005
1512.920000,1.3830E-005
1513.198800,1.4820E-005
1513.477600,1.5180E-005
1513.756400,1.4970E-005
1514.035200,1.5300E-005
1514.314000,1.6140E-005
1514.592800,1.7420E-005
1514.871600,1.7730E-005
1515.150400,1.7430E-005
1515.429200,1.8540E-005
1515.708000,2.0840E-005
1515.986800,2.3820E-005
1516.265600,2.6960E-005
1516.544400,2.8000E-005
1516.823200,2.7020E-005
1517.102000,2.6030E-005
1517.380800,2.7960E-005
1517.659600,3.2080E-005
1517.938400,3.4520E-005
1518.217200,3.3340E-005
1518.496000,3.3610E-005
1518.774800,3.6270E-005
1519.053600,3.6910E-005
1519.332400,4.0640E-005
1519.611200,4.6680E-005
1519.890000,4.9510E-005
1520.168800,5.8090E-005
1520.447600,5.9530E-005
1520.726400,5.9490E-005
1521.005200,6.6780E-005
1521.284000,7.5220E-005
1521.562800,9.3630E-005
1521.841600,1.0680E-004
1522.120400,1.0740E-004
1522.399200,1.0470E-004
1522.678000,1.1410E-004
1522.956800,1.3290E-004
1523.235600,1.4860E-004
1523.514400,1.6520E-004
1523.793200,1.9620E-004
1524.072000,2.3840E-004
1524.350800,3.0890E-004
1524.629600,3.6910E-004
1524.908400,4.0870E-004
1525.187200,4.9020E-004
1525.466000,6.3180E-004
1525.744800,7.3430E-004
1526.023600,7.9140E-004
1526.302400,9.4310E-004
1526.581200,1.1770E-003
1526.860000,1.3510E-003
1527.138800,1.5110E-003
1527.417600,1.6990E-003
1527.696400,1.9320E-003
1527.975200,2.1560E-003
1528.254000,2.3710E-003
1528.532800,2.7280E-003
1528.811600,2.9950E-003
1529.090400,3.0540E-003
1529.369200,3.0560E-003
1529.648000,3.2340E-003
1529.926800,3.6340E-003
1530.205600,4.0020E-003
1530.484400,3.9470E-003
1530.763200,3.6700E-003
1531.042000,3.6770E-003
1531.320800,3.6900E-003
1531.599600,3.4680E-003
1531.878400,3.3340E-003
1532.157200,3.4640E-003
1532.436000,3.5870E-003
1532.714800,3.7860E-003
1532.993600,3.8930E-003
1533.272400,3.6490E-003
1533.551200,3.3520E-003
1533.830000,3.4620E-003
1534.108800,3.5200E-003
1534.387600,3.9040E-003
1534.666400,6.5170E-003
1534.945200,1.0640E-002
1535.224000,1.2230E-002
1535.502800,1.0990E-002
1535.781600,9.3670E-003
1536.060400,8.2280E-003
1536.339200,6.8640E-003
1536.618000,5.6890E-003
1536.896800,5.1360E-003
1537.175600,4.9550E-003
1537.454400,4.8540E-003
1537.733200,4.0360E-003
1538.012000,2.9500E-003
1538.290800,2.6330E-003
1538.569600,3.4500E-003
1538.848400,5.2390E-003
1539.127200,6.4030E-003
1539.406000,6.0970E-003
1539.684800,6.1570E-003
1539.963600,5.4250E-003
1540.242400,6.6180E-003
1540.521200,7.7750E-003
1540.800000,6.6710E-003
1541.078800,7.1220E-003
1541.357600,1.1210E-002
1541.636400,1.5520E-002
1541.915200,1.7020E-002
1542.194000,1.7100E-002
1542.472800,1.6510E-002
1542.751600,1.7320E-002
1543.030400,2.0060E-002
1543.309200,2.1510E-002
1543.588000,2.5540E-002
1543.866800,3.4070E-002
1544.145600,4.3310E-002
1544.424400,4.3520E-002
1544.703200,6.2490E-002
1544.982000,1.0430E-001
1545.260800,1.4340E-001
1545.539600,1.3640E-001
1545.818400,1.0530E-001
1546.097200,8.7550E-002
1546.376000,7.5950E-002
1546.654800,6.9190E-002
1546.933600,6.7440E-002
1547.212400,6.1030E-002
1547.491200,5.5870E-002
1547.770000,5.4930E-002
1548.048800,5.6140E-002
1548.327600,5.4420E-002
1548.606400,4.9400E-002
1548.885200,4.8050E-002
1549.164000,5.2380E-002
1549.442800,5.4260E-002
1549.721600,5.2490E-002
1550.000400,5.4390E-002
1550.279200,5.6200E-002
1550.558000,5.0860E-002
1550.836800,4.4580E-002
1551.115600,4.3480E-002
1551.394400,4.5900E-002
1551.673200,5.3420E-002
1551.952000,5.9660E-002
1552.230800,5.2780E-002
1552.509600,4.7060E-002
1552.788400,5.1410E-002
1553.067200,7.1490E-002
1553.346000,8.6200E-002
1553.624800,1.3890E-001
1553.903600,1.3750E-001
1554.182400,1.0250E-001
1554.461200,1.0600E-001
1554.740000,1.1480E-001
1555.018800,1.0520E-001
1555.297600,9.3290E-002
1555.576400,8.3370E-002
1555.855200,7.5760E-002
1556.134000,8.5410E-002
1556.412800,1.2020E-001
1556.691600,1.5800E-001
1556.970400,1.7990E-001
1557.249200,1.8230E-001
1557.528000,1.7040E-001
1557.806800,1.4070E-001
1558.085600,1.1090E-001
1558.364400,7.9540E-002
1558.643200,6.6940E-002
1558.922000,6.6880E-002
1559.200800,6.0140E-002
1559.479600,5.8600E-002
1559.758400,4.4470E-002
1560.037200,4.2130E-002
1560.316000,4.8410E-002
1560.594800,5.1880E-002
1560.873600,6.3330E-002
1561.152400,6.2150E-002
1561.431200,6.8140E-002
1561.710000,7.9890E-002
1561.988800,8.2060E-002
1562.267600,8.6420E-002
1562.546400,8.5710E-002
1562.825200,8.2730E-002
1563.104000,7.5500E-002
1563.382800,6.7270E-002
1563.661600,6.0930E-002
1563.940400,6.0480E-002
1564.219200,6.1230E-002
1564.498000,6.2030E-002
1564.776800,5.8350E-002
1565.055600,5.5760E-002
1565.334400,5.3880E-002
1565.613200,4.8810E-002
1565.892000,5.2030E-002
1566.170800,5.9720E-002
1566.449600,6.5720E-002
1566.728400,6.6880E-002
1567.007200,6.1810E-002
1567.286000,5.5730E-002
1567.564800,4.8900E-002
1567.843600,4.6190E-002
1568.122400,4.5180E-002
1568.401200,5.1840E-002
1568.680000,5.0190E-002
1568.958800,5.3540E-002
1569.237600,5.1630E-002
1569.516400,4.4830E-002
1569.795200,3.8840E-002
1570.074000,3.3520E-002
1570.352800,3.3750E-002
1570.631600,3.7710E-002
1570.910400,3.8940E-002
1571.189200,3.5730E-002
1571.468000,2.9300E-002
1571.746800,2.4150E-002
1572.025600,2.6240E-002
1572.304400,2.9440E-002
1572.583200,3.1460E-002
1572.862000,3.0880E-002
1573.140800,3.0990E-002
1573.419600,3.2570E-002
1573.698400,3.5050E-002
1573.977200,3.6960E-002
1574.256000,3.5260E-002
1574.534800,3.5420E-002
1574.813600,3.5280E-002
1575.092400,3.4650E-002
1575.371200,3.2190E-002
1575.650000,2.9630E-002
1575.928800,2.7230E-002
1576.207600,2.5190E-002
1576.486400,2.2270E-002
1576.765200,1.9080E-002
1577.044000,1.6360E-002
1577.322800,1.3570E-002
1577.601600,1.1720E-002
1577.880400,9.4530E-003
1578.159200,8.2740E-003
1578.438000,7.5170E-003
1578.716800,7.0720E-003
1578.995600,7.7540E-003
1579.274400,9.1350E-003
1579.553200,9.5260E-003
1579.832000,1.1820E-002
1580.110800,1.3380E-002
1580.389600,1.3440E-002
1580.668400,1.3000E-002
1580.947200,1.1210E-002
1581.226000,1.0200E-002
1581.504800,9.4170E-003
1581.783600,8.2610E-003
1582.062400,6.9040E-003
1582.341200,5.7770E-003
1582.620000,4.9010E-003
1582.898800,4.3480E-003
1583.177600,4.0670E-003
1583.456400,4.0450E-003
1583.735200,4.3150E-003
1584.014000,4.8560E-003
1584.292800,4.8670E-003
1584.571600,4.5740E-003
1584.850400,4.3980E-003
1585.129200,3.7160E-003
1585.408000,3.0230E-003
1585.686800,2.4770E-003
1585.965600,2.3360E-003
1586.244400,2.3590E-003
1586.523200,2.5960E-003
1586.802000,2.3840E-003
1587.080800,2.2100E-003
1587.359600,1.9460E-003
1587.638400,1.4440E-003
1587.917200,1.1180E-003
1588.196000,9.3560E-004
1588.474800,1.0560E-003
1588.753600,1.2780E-003
1589.032400,1.3160E-003
1589.311200,1.2630E-003
1589.590000,9.6800E-004
1589.868800,7.0830E-004
1590.147600,5.0030E-004
1590.426400,4.4190E-004
1590.705200,4.9780E-004
1590.984000,6.2180E-004
1591.262800,6.4870E-004
1591.541600,5.8390E-004
1591.820400,4.7090E-004
1592.099200,4.0860E-004
1592.378000,4.1520E-004
1592.656800,4.6110E-004
1592.935600,4.8090E-004
1593.214400,4.5010E-004
1593.493200,3.6100E-004
1593.772000,2.8840E-004
1594.050800,2.5610E-004
1594.329600,2.5620E-004
1594.608400,2.4860E-004
1594.887200,2.2250E-004
1595.166000,1.7240E-004
1595.444800,1.2200E-004
1595.723600,1.0740E-004
1596.002400,1.1280E-004
1596.281200,1.1530E-004
1596.560000,1.1610E-004
1596.838800,1.1120E-004
1597.117600,1.0460E-004
1597.396400,1.0370E-004
1597.675200,1.0360E-004
1597.954000,1.1170E-004
1598.232800,1.2550E-004
1598.511600,1.2210E-004
1598.790400,1.0290E-004
1599.069200,8.1980E-005
1599.348000,8.1980E-005
1599.626800,9.5370E-005
1599.905600,9.7560E-005
1600.184400,8.6180E-005
1600.463200,7.3620E-005
1600.742000,7.9100E-005
1601.020800,8.7680E-005
1601.299600,8.5610E-005
1601.578400,6.5180E-005
1601.857200,5.4400E-005
1602.136000,5.7470E-005
1602.414800,5.8270E-005
1602.693600,4.8630E-005
1602.972400,4.0730E-005
1603.251200,4.3470E-005
1603.530000,4.9160E-005
1603.808800,4.8320E-005
1604.087600,4.1740E-005
1604.366400,3.9060E-005
1604.645200,3.9730E-005
1604.924000,3.9370E-005
1605.202800,3.5410E-005
1605.481600,3.2870E-005
1605.760400,3.2260E-005
1606.039200,3.0600E-005
1606.318000,2.8690E-005
1606.596800,2.6800E-005
1606.875600,2.7290E-005
1607.154400,2.6460E-005
1607.433200,2.4150E-005
1607.712000,2.3650E-005
1607.990800,2.4810E-005
1608.269600,2.3230E-005
1608.548400,1.8970E-005
1608.827200,1.8390E-005
1609.106000,1.9610E-005
1609.384800,1.7570E-005
1609.663600,1.4810E-005
1609.942400,1.5200E-005
1610.221200,1.5710E-005
1610.500000,1.3500E-005
1610.778800,1.2800E-005
1611.057600,1.4320E-005
1611.336400,1.3440E-005
1611.615200,1.1970E-005
1611.894000,1.2800E-005
1612.172800,1.3370E-005
1612.451600,1.1940E-005
1612.730400,1.1400E-005
1613.009200,1.2180E-005
1613.288000,1.1460E-005
1613.566800,1.0370E-005
1613.845600,1.0310E-005
1614.124400,1.0230E-005
1614.403200,9.5720E-006
1614.682000,9.1210E-006
1614.960800,8.9460E-006
1615.239600,8.5410E-006
1615.518400,8.0720E-006
1615.797200,8.0820E-006
1616.076000,7.7150E-006
1616.354800,7.4110E-006
1616.633600,7.4420E-006
1616.912400,7.2730E-006
1617.191200,7.0000E-006
1617.470000,6.9160E-006
1617.748800,6.9080E-006
1618.027600,6.5790E-006
1618.306400,6.5480E-006
1618.585200,6.3920E-006
1618.864000,6.1400E-006
1619.142800,6.2250E-006
1619.421600,5.9800E-006
1619.700400,5.8240E-006
1619.979200,5.7890E-006
1620.258000,5.7260E-006
1620.536800,5.3630E-006
1620.815600,5.2590E-006
1621.094400,5.1430E-006
1621.373200,5.1270E-006
1621.652000,5.0020E-006
1621.930800,4.8840E-006
1622.209600,4.8040E-006
1622.488400,4.7540E-006
1622.767200,4.7320E-006
1623.046000,4.7230E-006
1623.324800,4.6150E-006
1623.603600,4.5370E-006
1623.882400,4.3500E-006
1624.161200,4.3040E-006
1624.440000,4.2650E-006
1624.718800,4.1900E-006
1624.997600,4.1910E-006
1625.276400,4.1940E-006
1625.555200,4.0510E-006
1625.834000,4.1810E-006
1626.112800,4.0470E-006
1626.391600,3.9730E-006
1626.670400,4.1570E-006
1626.949200,4.0670E-006
1627.228000,4.1080E-006
1627.506800,4.0660E-006
1627.785600,4.0070E-006
1628.064400,3.8890E-006
1628.343200,3.8960E-006
1628.622000,3.8680E-006
1628.900800,3.8690E-006
1629.179600,3.8270E-006
1629.458400,3.6130E-006
1629.737200,3.7150E-006
1630.016000,3.7260E-006
1630.294800,3.7570E-006
1630.573600,3.6380E-006
1630.852400,3.6830E-006
1631.131200,3.6020E-006
1631.410000,3.6780E-006
1631.688800,3.6610E-006
1631.967600,3.4860E-006
1632.246400,3.5500E-006
1632.525200,3.4990E-006
1632.804000,3.5070E-006
1633.082800,3.4980E-006
1633.361600,3.4250E-006
1633.640400,3.4700E-006
1633.919200,3.3930E-006
1634.198000,3.4700E-006
1634.476800,3.4070E-006
1634.755600,3.5600E-006
1635.034400,3.4020E-006
1635.313200,3.3910E-006
1635.592000,3.4440E-006
1635.870800,3.4690E-006
1636.149600,3.4150E-006
1636.428400,3.4150E-006
1636.707200,3.3470E-006
1636.986000,3.3900E-006
1637.264800,3.3240E-006
1637.543600,3.3630E-006
1637.822400,3.2970E-006
1638.101200,3.4630E-006
1638.380000,3.4110E-006
1638.658800,3.3790E-006
1638.937600,3.3460E-006
1639.216400,3.2550E-006
1639.495200,3.2930E-006
1639.774000,3.2660E-006
1640.052800,3.3170E-006
1640.331600,3.3120E-006
1640.610400,3.2970E-006
1640.889200,3.3550E-006
1641.168000,3.2360E-006
1641.446800,3.2290E-006
1641.725600,3.2380E-006
1642.004400,3.4430E-006
1642.283200,3.3330E-006
1642.562000,3.4220E-006
1642.840800,3.5170E-006
1643.119600,3.4380E-006
1643.398400,3.4510E-006
1643.677200,3.4040E-006
1643.956000,3.3080E-006
1644.234800,3.4470E-006
1644.513600,3.3280E-006
1644.792400,3.3630E-006
1645.071200,3.3970E-006
1645.350000,3.4570E-006
1645.628800,3.3430E-006
1645.907600,3.4440E-006
1646.186400,3.3490E-006
1646.465200,3.4590E-006
1646.744000,3.4950E-006
1647.022800,3.3290E-006
1647.301600,3.4900E-006
1647.580400,3.4680E-006
1647.859200,3.4490E-006
1648.138000,3.3940E-006
1648.416800,3.6310E-006
1648.695600,3.4310E-006
1648.974400,3.6150E-006
1649.253200,3.4500E-006
1649.532000,3.4840E-006
1649.810800,3.5250E-006
1650.089600,3.5970E-006
1650.368400,3.6510E-006
1650.647200,3.6240E-006
1650.926000,3.6340E-006
1651.204800,3.6630E-006
1651.483600,3.4830E-006
1651.762400,3.5640E-006
1652.041200,3.7360E-006
1652.320000,3.6530E-006
1652.598800,3.5220E-006
1652.877600,3.6790E-006
1653.156400,3.7130E-006
1653.435200,3.6300E-006
1653.714000,3.6260E-006
1653.992800,3.6500E-006
1654.271600,3.4920E-006
1654.550400,3.6360E-006
1654.829200,3.7220E-006
1655.108000,3.7590E-006
1655.386800,3.7420E-006
1655.665600,3.7010E-006
1655.944400,3.7380E-006
1656.223200,3.7880E-006
1656.502000,3.8670E-006
1656.780800,3.8390E-006
1657.059600,3.7640E-006
1657.338400,3.8180E-006
1657.617200,3.7780E-006
1657.896000,3.8680E-006
1658.174800,3.8710E-006
1658.453600,3.7540E-006
1658.732400,3.7680E-006
1659.011200,3.9180E-006
1659.290000,3.8790E-006
1659.568800,3.9470E-006
1659.847600,3.9940E-006
1660.126400,4.0550E-006
1660.405200,4.0470E-006
1660.684000,3.9660E-006
1660.962800,4.0910E-006
1661.241600,4.0150E-006
1661.520400,4.1450E-006
1661.799200,4.1320E-006
1662.078000,4.2170E-006
1662.356800,4.3930E-006
1662.635600,4.3960E-006
1662.914400,4.3110E-006
1663.193200,4.4350E-006
1663.472000,4.3850E-006
1663.750800,4.5530E-006
1664.029600,4.3340E-006
1664.308400,4.5660E-006
1664.587200,4.5200E-006
1664.866000,4.4080E-006
1665.144800,4.4710E-006
1665.423600,4.6210E-006
1665.702400,4.5950E-006
1665.981200,4.5580E-006
1666.260000,4.6810E-006
1666.538800,4.6170E-006
1666.817600,4.5890E-006
1667.096400,4.6270E-006
1667.375200,4.8750E-006
1667.654000,4.7920E-006
1667.932800,5.0370E-006
1668.211600,4.8750E-006
1668.490400,4.9760E-006
1668.769200,4.9740E-006
1669.048000,5.1620E-006
1669.326800,5.1290E-006
1669.605600,5.1220E-006
1669.884400,5.1750E-006
1670.163200,5.1120E-006
1670.442000,5.3120E-006
1670.720800,5.2230E-006
1670.999600,5.2770E-006
1671.278400,5.4430E-006
1671.557200,5.5360E-006
1671.836000,5.4800E-006
1672.114800,5.4200E-006
1672.393600,5.7850E-006
1672.672400,5.9040E-006
1672.951200,5.9920E-006
1673.230000,5.8820E-006
1673.508800,5.9570E-006
1673.787600,6.1930E-006
1674.066400,6.1170E-006
1674.345200,6.1330E-006
1674.624000,6.2920E-006
1674.902800,6.2080E-006
1675.181600,6.1680E-006
1675.460400,6.1330E-006
1675.739200,6.3210E-006
1676.018000,6.2300E-006
1676.296800,6.3630E-006
1676.575600,6.5390E-006
1676.854400,6.3810E-006
1677.133200,6.6730E-006
1677.412000,6.7450E-006
1677.690800,6.8480E-006
1677.969600,6.9480E-006
1678.248400,6.9950E-006
1678.527200,7.0450E-006
1678.806000,7.2270E-006
1679.084800,7.1240E-006
1679.363600,6.9900E-006
1679.642400,7.3990E-006
1679.921200,7.1790E-006
1680.200000,7.7020E-006
1680.478800,7.2390E-006
1680.757600,7.6730E-006
1681.036400,7.7400E-006
1681.315200,7.4540E-006
1681.594000,7.9110E-006
1681.872800,7.7600E-006
1682.151600,7.4790E-006
1682.430400,7.9710E-006
1682.709200,7.9970E-006
1682.988000,8.0510E-006
1683.266800,8.0600E-006
1683.545600,8.1380E-006
1683.824400,8.0710E-006
1684.103200,7.9630E-006
1684.382000,8.1290E-006
1684.660800,8.3300E-006
1684.939600,8.4630E-006
1685.218400,8.4680E-006
1685.497200,8.4560E-006
1685.776000,8.5010E-006
1686.054800,8.6640E-006
1686.333600,8.6510E-006
1686.612400,8.5070E-006
1686.891200,9.1860E-006
1687.170000,8.5230E-006
1687.448800,9.1450E-006
1687.727600,8.9630E-006
1688.006400,8.8850E-006
1688.285200,9.3820E-006
1688.564000,8.8980E-006
1688.842800,9.5520E-006
1689.121600,8.9410E-006
1689.400400,9.1280E-006
1689.679200,9.4090E-006
1689.958000,8.9970E-006
1690.236800,9.0200E-006
1690.515600,9.0020E-006
1690.794400,9.6660E-006
1691.073200,9.3380E-006
1691.352000,9.0190E-006
1691.630800,9.8440E-006
1691.909600,9.3910E-006
1692.188400,8.6280E-006
1692.467200,9.4660E-006
1692.746000,9.7750E-006
1693.024800,9.8220E-006
1693.303600,9.9460E-006
1693.582400,9.3080E-006
1693.861200,9.3710E-006
1694.140000,9.1810E-006
1694.418800,9.1000E-006
1694.697600,9.5300E-006
1694.976400,9.5710E-006
1695.255200,9.4360E-006
1695.534000,9.1200E-006
1695.812800,9.1620E-006
1696.091600,1.0290E-005
1696.370400,9.7300E-006
1696.649200,9.7600E-006
1696.928000,9.4260E-006
1697.206800,9.6060E-006
1697.485600,9.4750E-006
1697.764400,9.7640E-006
1698.043200,9.7690E-006
1698.322000,1.0150E-005
1698.600800,1.0280E-005
1698.879600,9.9280E-006
1699.158400,1.0240E-005
1699.437200,9.4480E-006
1699.716000,1.0030E-005
1699.994800,9.0320E-006
1700.273600,9.5160E-006
1700.552400,1.0000E-005
1700.831200,9.3430E-006
1701.110000,9.9180E-006
1701.388800,9.5940E-006
1701.667600,9.3780E-006
1701.946400,1.0620E-005
1702.225200,9.2560E-006
1702.504000,1.0320E-005
1702.782800,9.6360E-006
1703.061600,9.7990E-006
1703.340400,9.7300E-006
1703.619200,1.0200E-005
1703.898000,9.6830E-006
1704.176800,9.5090E-006
1704.455600,9.3730E-006
1704.734400,9.6270E-006
1705.013200,9.4050E-006
1705.292000,1.0100E-005
1705.570800,9.0950E-006
1705.849600,9.9820E-006
1706.128400,1.0090E-005
1706.407200,1.0620E-005
1706.686000,1.0540E-005
1706.964800,1.0220E-005
1707.243600,1.0250E-005
1707.522400,1.0240E-005
1707.801200,9.0720E-006
1708.080000,9.2020E-006
1708.358800,9.8260E-006
1708.637600,1.0240E-005
1708.916400,1.0820E-005
1709.195200,1.0270E-005
1709.474000,1.0200E-005
1709.752800,9.0810E-006
1710.031600,1.0770E-005
1710.310400,9.6130E-006
1710.589200,9.8430E-006
1710.868000,1.0370E-005
1711.146800,9.9980E-006
1711.425600,1.1510E-005
1711.704400,1.0120E-005
1711.983200,1.1170E-005
1712.262000,1.0330E-005
1712.540800,1.0880E-005
1712.819600,1.1180E-005
1713.098400,1.0790E-005
1713.377200,1.1420E-005
1713.656000,1.1050E-005
1713.934800,1.1290E-005
1714.213600,1.0740E-005
1714.492400,1.0130E-005
1714.771200,1.1100E-005
1715.050000,1.0590E-005
1715.328800,1.2160E-005
1715.607600,1.1500E-005
1715.886400,1.0830E-005
1716.165200,1.0750E-005
1716.444000,1.0890E-005
1716.722800,1.1180E-005
1717.001600,1.2150E-005
1717.280400,1.1130E-005
1717.559200,1.1270E-005
1717.838000,1.2760E-005
1718.116800,1.2610E-005
1718.395600,1.2590E-005
1718.674400,1.3500E-005
1718.953200,1.2520E-005
1719.232000,1.2460E-005
1719.510800,1.3220E-005
1719.789600,1.1430E-005
1720.068400,1.2680E-005
1720.347200,1.3430E-005
1720.626000,1.4430E-005
1720.904800,1.2120E-005
1721.183600,1.3430E-005
1721.462400,1.3480E-005
1721.741200,1.1700E-005
1722.020000,1.4090E-005
1722.298800,1.3880E-005
1722.577600,1.1700E-005
1722.856400,1.4000E-005
1723.135200,1.4560E-005
1723.414000,1.1590E-005
1723.692800,1.3410E-005
1723.971600,1.3840E-005
1724.250400,1.4070E-005
1724.529200,1.2750E-005
1724.808000,1.3070E-005
1725.086800,1.3320E-005
1725.365600,1.4180E-005
1725.644400,1.3530E-005
1725.923200,1.2940E-005
1726.202000,1.4070E-005
1726.480800,1.4500E-005
1726.759600,1.4140E-005
1727.038400,1.5430E-005
1727.317200,1.5450E-005
1727.596000,1.5080E-005
1727.874800,1.5910E-005
1728.153600,1.4500E-005
1728.432400,1.5480E-005
1728.711200,1.4590E-005
1728.990000,1.6390E-005
1729.268800,1.6020E-005
1729.547600,1.5320E-005
1729.826400,1.4380E-005
1730.105200,1.7340E-005
1730.384000,1.6910E-005
1730.662800,1.6160E-005
1730.941600,1.4440E-005
1731.220400,1.7290E-005
1731.499200,1.6580E-005
1731.778000,1.7700E-005
1732.056800,1.6140E-005
1732.335600,1.6030E-005
1732.614400,1.6100E-005
1732.893200,1.8400E-005
1733.172000,1.7490E-005
1733.450800,1.7510E-005
1733.729600,1.9110E-005
1734.008400,1.8150E-005
1734.287200,1.8030E-005
1734.566000,2.0430E-005
1734.844800,1.5780E-005
1735.123600,1.6900E-005
1735.402400,1.6860E-005
1735.681200,1.9420E-005
1735.960000,2.0350E-005
1736.238800,1.8890E-005
1736.517600,1.9080E-005
1736.796400,1.9300E-005
1737.075200,2.0380E-005
1737.354000,1.8290E-005
1737.632800,1.9520E-005
1737.911600,1.8540E-005
1738.190400,2.1250E-005
1738.469200,2.1730E-005
1738.748000,2.0050E-005
1739.026800,1.7010E-005
1739.305600,2.2960E-005
1739.584400,2.2050E-005
1739.863200,2.1830E-005
1740.142000,2.0510E-005
1740.420800,2.1170E-005
1740.699600,2.0860E-005
1740.978400,2.2370E-005
1741.257200,1.8450E-005
1741.536000,2.1870E-005
1741.814800,2.0000E-005
1742.093600,2.1420E-005
1742.372400,2.1190E-005
1742.651200,2.1520E-005
1742.930000,2.1520E-005
1743.208800,2.1150E-005
1743.487600,2.5800E-005
1743.766400,2.2340E-005
1744.045200,2.0380E-005
1744.324000,2.2290E-005
1744.602800,2.1160E-005
1744.881600,2.1120E-005
1745.160400,2.1420E-005
1745.439200,2.1540E-005
1745.718000,2.6540E-005
1745.996800,2.3950E-005
1746.275600,2.5010E-005
1746.554400,2.1890E-005
1746.833200,2.2010E-005
1747.112000,2.3510E-005
1747.390800,2.3510E-005
1747.669600,2.2320E-005
1747.948400,2.2540E-005
1748.227200,2.4040E-005
1748.506000,2.3480E-005
1748.784800,2.2480E-005
1749.063600,2.3450E-005
1749.342400,2.5790E-005
1749.621200,2.3350E-005
1749.900000,2.5540E-005
