File,MUESTRA_0_22_44.csv,
Date/Time,23-02-16/19:55,

Center Wavelength,1471.1,nm
Span Wavelength,557.6,nm
Start Wavelength,1192.3,nm
Stop Wavelength,1749.9,nm
Value In Air/Vacuum,Vacuum,
Optical Attenuater,Off,
Resolution,0.5,nm
Actual Resolution,0.494,nm
VBW,2000,Hz
Point Average,Off,
Sweep Average,1,
Smooth,Off,
Sampling Points,2001,pt
Trace Type,Write,
Trace Storage Mode,Off,
Trace Calculate Trace 1,-,
Trace Calculate Trace 2,-,
Dynamic Range,Normal,
Ext-Trigger,Off,
Interval Time,Off,
MM Mode,Off,

Trace,A
Start,1192.3,nm
Stop,1749.9,nm
1192.300000,8.6490E-007
1192.578800,7.5590E-007
1192.857600,8.5510E-007
1193.136400,8.5740E-007
1193.415200,9.0300E-007
1193.694000,8.7290E-007
1193.972800,8.7200E-007
1194.251600,8.4230E-007
1194.530400,8.6160E-007
1194.809200,8.1560E-007
1195.088000,8.6880E-007
1195.366800,8.3230E-007
1195.645600,7.9570E-007
1195.924400,8.1830E-007
1196.203200,8.9030E-007
1196.482000,8.1860E-007
1196.760800,8.3240E-007
1197.039600,8.6540E-007
1197.318400,8.6270E-007
1197.597200,9.0700E-007
1197.876000,8.0760E-007
1198.154800,7.8470E-007
1198.433600,8.4660E-007
1198.712400,8.3770E-007
1198.991200,7.9820E-007
1199.270000,8.3300E-007
1199.548800,8.0910E-007
1199.827600,7.6430E-007
1200.106400,8.7710E-007
1200.385200,8.3890E-007
1200.664000,8.1750E-007
1200.942800,8.0340E-007
1201.221600,8.5940E-007
1201.500400,7.7650E-007
1201.779200,8.2400E-007
1202.058000,8.7000E-007
1202.336800,8.7320E-007
1202.615600,8.0720E-007
1202.894400,8.6090E-007
1203.173200,7.7500E-007
1203.452000,8.6320E-007
1203.730800,8.3650E-007
1204.009600,8.0200E-007
1204.288400,8.5780E-007
1204.567200,8.1190E-007
1204.846000,8.3970E-007
1205.124800,7.8490E-007
1205.403600,8.1280E-007
1205.682400,8.7380E-007
1205.961200,8.4010E-007
1206.240000,8.3570E-007
1206.518800,8.4830E-007
1206.797600,8.3150E-007
1207.076400,8.0460E-007
1207.355200,8.0320E-007
1207.634000,8.3580E-007
1207.912800,8.5550E-007
1208.191600,8.5010E-007
1208.470400,9.1470E-007
1208.749200,8.0800E-007
1209.028000,8.3320E-007
1209.306800,8.5610E-007
1209.585600,8.2190E-007
1209.864400,7.4570E-007
1210.143200,8.4080E-007
1210.422000,8.3260E-007
1210.700800,8.1820E-007
1210.979600,8.3600E-007
1211.258400,8.2010E-007
1211.537200,8.1880E-007
1211.816000,7.9990E-007
1212.094800,7.5590E-007
1212.373600,8.2290E-007
1212.652400,7.9460E-007
1212.931200,8.4320E-007
1213.210000,8.3220E-007
1213.488800,8.3630E-007
1213.767600,7.9310E-007
1214.046400,7.9220E-007
1214.325200,8.2030E-007
1214.604000,8.1700E-007
1214.882800,8.3970E-007
1215.161600,8.0390E-007
1215.440400,8.1140E-007
1215.719200,8.0710E-007
1215.998000,8.4970E-007
1216.276800,8.1790E-007
1216.555600,7.9400E-007
1216.834400,7.6860E-007
1217.113200,7.9800E-007
1217.392000,8.1700E-007
1217.670800,7.3560E-007
1217.949600,7.8080E-007
1218.228400,8.1070E-007
1218.507200,8.1720E-007
1218.786000,8.6160E-007
1219.064800,7.9090E-007
1219.343600,8.1860E-007
1219.622400,7.3500E-007
1219.901200,7.8480E-007
1220.180000,8.3840E-007
1220.458800,8.0820E-007
1220.737600,7.6690E-007
1221.016400,8.1410E-007
1221.295200,7.9820E-007
1221.574000,7.7760E-007
1221.852800,7.8800E-007
1222.131600,7.5030E-007
1222.410400,7.7680E-007
1222.689200,8.8160E-007
1222.968000,7.9430E-007
1223.246800,7.7790E-007
1223.525600,8.3450E-007
1223.804400,8.3790E-007
1224.083200,8.5230E-007
1224.362000,8.0820E-007
1224.640800,7.8330E-007
1224.919600,8.2170E-007
1225.198400,8.3480E-007
1225.477200,7.9020E-007
1225.756000,8.5570E-007
1226.034800,7.7320E-007
1226.313600,8.0390E-007
1226.592400,7.9150E-007
1226.871200,8.1460E-007
1227.150000,7.6960E-007
1227.428800,8.2280E-007
1227.707600,7.5190E-007
1227.986400,7.5140E-007
1228.265200,8.1410E-007
1228.544000,8.1710E-007
1228.822800,7.9740E-007
1229.101600,8.0600E-007
1229.380400,7.7370E-007
1229.659200,7.8460E-007
1229.938000,7.4140E-007
1230.216800,8.6640E-007
1230.495600,7.9410E-007
1230.774400,8.1520E-007
1231.053200,7.5480E-007
1231.332000,7.5490E-007
1231.610800,8.4370E-007
1231.889600,7.6490E-007
1232.168400,7.6410E-007
1232.447200,7.7480E-007
1232.726000,8.1040E-007
1233.004800,7.3680E-007
1233.283600,7.7990E-007
1233.562400,7.8440E-007
1233.841200,7.7590E-007
1234.120000,7.5630E-007
1234.398800,7.4930E-007
1234.677600,7.8690E-007
1234.956400,8.1310E-007
1235.235200,7.7360E-007
1235.514000,7.5130E-007
1235.792800,7.4590E-007
1236.071600,7.6870E-007
1236.350400,7.5930E-007
1236.629200,7.9350E-007
1236.908000,8.1080E-007
1237.186800,7.2200E-007
1237.465600,7.8180E-007
1237.744400,7.5000E-007
1238.023200,7.3820E-007
1238.302000,7.8040E-007
1238.580800,7.6920E-007
1238.859600,7.6380E-007
1239.138400,7.2330E-007
1239.417200,7.4800E-007
1239.696000,8.0340E-007
1239.974800,7.9190E-007
1240.253600,7.3770E-007
1240.532400,7.7700E-007
1240.811200,7.6660E-007
1241.090000,7.3080E-007
1241.368800,7.4490E-007
1241.647600,7.8520E-007
1241.926400,7.7770E-007
1242.205200,7.5730E-007
1242.484000,7.5360E-007
1242.762800,7.6410E-007
1243.041600,7.5330E-007
1243.320400,7.9690E-007
1243.599200,8.0270E-007
1243.878000,7.9010E-007
1244.156800,7.9640E-007
1244.435600,7.4710E-007
1244.714400,7.4280E-007
1244.993200,7.5720E-007
1245.272000,7.5800E-007
1245.550800,7.5820E-007
1245.829600,7.7300E-007
1246.108400,7.7420E-007
1246.387200,7.7770E-007
1246.666000,7.5450E-007
1246.944800,7.4670E-007
1247.223600,7.0710E-007
1247.502400,7.3590E-007
1247.781200,7.7840E-007
1248.060000,7.3370E-007
1248.338800,7.9350E-007
1248.617600,7.2420E-007
1248.896400,7.2680E-007
1249.175200,7.6430E-007
1249.454000,7.6090E-007
1249.732800,7.7140E-007
1250.011600,7.6090E-007
1250.290400,7.4230E-007
1250.569200,7.2330E-007
1250.848000,7.8220E-007
1251.126800,6.9090E-007
1251.405600,7.4810E-007
1251.684400,7.8320E-007
1251.963200,7.5040E-007
1252.242000,7.8870E-007
1252.520800,7.3360E-007
1252.799600,7.5190E-007
1253.078400,7.5600E-007
1253.357200,7.9070E-007
1253.636000,7.1470E-007
1253.914800,7.7050E-007
1254.193600,7.6590E-007
1254.472400,7.5240E-007
1254.751200,7.2430E-007
1255.030000,7.7300E-007
1255.308800,7.3610E-007
1255.587600,7.7680E-007
1255.866400,7.6800E-007
1256.145200,6.9760E-007
1256.424000,7.1860E-007
1256.702800,7.8000E-007
1256.981600,7.6970E-007
1257.260400,7.1860E-007
1257.539200,7.3230E-007
1257.818000,7.4590E-007
1258.096800,7.7670E-007
1258.375600,7.2320E-007
1258.654400,7.4880E-007
1258.933200,7.3350E-007
1259.212000,6.9400E-007
1259.490800,7.3870E-007
1259.769600,7.1950E-007
1260.048400,7.3110E-007
1260.327200,7.4700E-007
1260.606000,7.4860E-007
1260.884800,7.3080E-007
1261.163600,7.0660E-007
1261.442400,7.3810E-007
1261.721200,7.2700E-007
1262.000000,6.9380E-007
1262.278800,7.0680E-007
1262.557600,7.5650E-007
1262.836400,7.8400E-007
1263.115200,7.0220E-007
1263.394000,7.2430E-007
1263.672800,7.5610E-007
1263.951600,7.6260E-007
1264.230400,7.3890E-007
1264.509200,7.2120E-007
1264.788000,7.1000E-007
1265.066800,7.3370E-007
1265.345600,7.4690E-007
1265.624400,6.8710E-007
1265.903200,7.2190E-007
1266.182000,7.1630E-007
1266.460800,7.1350E-007
1266.739600,7.0040E-007
1267.018400,7.0740E-007
1267.297200,7.2870E-007
1267.576000,7.4780E-007
1267.854800,6.8920E-007
1268.133600,7.3600E-007
1268.412400,6.8450E-007
1268.691200,7.0350E-007
1268.970000,7.3440E-007
1269.248800,7.5870E-007
1269.527600,7.0780E-007
1269.806400,7.0140E-007
1270.085200,7.2050E-007
1270.364000,7.2120E-007
1270.642800,6.8230E-007
1270.921600,7.3800E-007
1271.200400,6.7040E-007
1271.479200,7.3560E-007
1271.758000,7.1780E-007
1272.036800,7.6020E-007
1272.315600,7.1440E-007
1272.594400,7.1460E-007
1272.873200,7.2040E-007
1273.152000,7.2580E-007
1273.430800,6.9320E-007
1273.709600,7.1110E-007
1273.988400,7.1120E-007
1274.267200,7.2850E-007
1274.546000,7.0650E-007
1274.824800,7.7010E-007
1275.103600,7.3390E-007
1275.382400,7.3710E-007
1275.661200,7.5580E-007
1275.940000,6.9670E-007
1276.218800,7.5270E-007
1276.497600,7.1220E-007
1276.776400,7.4020E-007
1277.055200,7.3490E-007
1277.334000,7.0110E-007
1277.612800,6.8790E-007
1277.891600,7.2420E-007
1278.170400,7.3730E-007
1278.449200,7.0990E-007
1278.728000,7.0460E-007
1279.006800,7.3270E-007
1279.285600,7.0930E-007
1279.564400,7.0320E-007
1279.843200,6.9760E-007
1280.122000,7.3980E-007
1280.400800,7.4260E-007
1280.679600,7.3300E-007
1280.958400,6.8920E-007
1281.237200,7.0530E-007
1281.516000,7.3720E-007
1281.794800,7.0680E-007
1282.073600,7.6390E-007
1282.352400,7.2680E-007
1282.631200,6.7750E-007
1282.910000,7.3640E-007
1283.188800,7.4490E-007
1283.467600,7.3520E-007
1283.746400,7.0800E-007
1284.025200,7.7230E-007
1284.304000,7.4760E-007
1284.582800,6.8850E-007
1284.861600,7.0200E-007
1285.140400,6.7750E-007
1285.419200,6.8100E-007
1285.698000,6.5670E-007
1285.976800,6.5500E-007
1286.255600,6.9790E-007
1286.534400,7.2140E-007
1286.813200,6.9190E-007
1287.092000,6.9250E-007
1287.370800,7.2810E-007
1287.649600,7.3870E-007
1287.928400,6.7320E-007
1288.207200,7.1060E-007
1288.486000,6.6900E-007
1288.764800,6.9480E-007
1289.043600,6.7730E-007
1289.322400,7.1040E-007
1289.601200,6.7040E-007
1289.880000,7.1390E-007
1290.158800,6.9940E-007
1290.437600,7.4860E-007
1290.716400,7.1550E-007
1290.995200,6.7660E-007
1291.274000,7.2320E-007
1291.552800,6.4670E-007
1291.831600,6.6780E-007
1292.110400,6.4370E-007
1292.389200,7.1620E-007
1292.668000,7.3970E-007
1292.946800,6.9640E-007
1293.225600,7.4000E-007
1293.504400,7.1180E-007
1293.783200,6.8420E-007
1294.062000,7.1720E-007
1294.340800,6.3270E-007
1294.619600,7.3070E-007
1294.898400,6.8640E-007
1295.177200,7.4490E-007
1295.456000,7.1480E-007
1295.734800,7.0130E-007
1296.013600,6.8000E-007
1296.292400,6.6620E-007
1296.571200,6.5520E-007
1296.850000,6.9010E-007
1297.128800,6.8390E-007
1297.407600,6.8840E-007
1297.686400,6.7900E-007
1297.965200,7.3300E-007
1298.244000,7.1280E-007
1298.522800,7.3550E-007
1298.801600,6.8370E-007
1299.080400,7.2550E-007
1299.359200,7.1380E-007
1299.638000,6.4910E-007
1299.916800,7.1240E-007
1300.195600,6.8880E-007
1300.474400,6.7340E-007
1300.753200,7.2290E-007
1301.032000,6.7690E-007
1301.310800,6.9070E-007
1301.589600,7.1780E-007
1301.868400,6.7630E-007
1302.147200,7.0150E-007
1302.426000,7.0330E-007
1302.704800,6.4220E-007
1302.983600,6.8530E-007
1303.262400,6.8440E-007
1303.541200,7.1240E-007
1303.820000,6.5350E-007
1304.098800,7.2530E-007
1304.377600,6.9120E-007
1304.656400,7.5040E-007
1304.935200,7.2290E-007
1305.214000,6.9210E-007
1305.492800,7.1610E-007
1305.771600,6.7210E-007
1306.050400,6.5470E-007
1306.329200,6.4360E-007
1306.608000,6.8840E-007
1306.886800,7.3040E-007
1307.165600,7.2000E-007
1307.444400,6.7120E-007
1307.723200,7.5390E-007
1308.002000,7.0800E-007
1308.280800,6.8020E-007
1308.559600,6.7180E-007
1308.838400,7.5190E-007
1309.117200,6.9410E-007
1309.396000,6.9340E-007
1309.674800,6.8870E-007
1309.953600,6.6800E-007
1310.232400,6.8750E-007
1310.511200,6.4240E-007
1310.790000,6.7340E-007
1311.068800,6.6110E-007
1311.347600,6.3780E-007
1311.626400,6.8240E-007
1311.905200,6.9170E-007
1312.184000,7.1140E-007
1312.462800,6.8110E-007
1312.741600,6.6010E-007
1313.020400,6.4140E-007
1313.299200,7.2540E-007
1313.578000,6.8750E-007
1313.856800,6.7110E-007
1314.135600,6.8020E-007
1314.414400,7.0190E-007
1314.693200,6.8660E-007
1314.972000,6.8680E-007
1315.250800,6.8700E-007
1315.529600,6.7450E-007
1315.808400,6.8840E-007
1316.087200,6.5360E-007
1316.366000,6.9180E-007
1316.644800,6.9560E-007
1316.923600,7.0770E-007
1317.202400,6.4460E-007
1317.481200,7.1460E-007
1317.760000,7.0460E-007
1318.038800,6.9710E-007
1318.317600,6.4320E-007
1318.596400,6.5580E-007
1318.875200,6.6630E-007
1319.154000,6.5920E-007
1319.432800,6.1450E-007
1319.711600,6.9660E-007
1319.990400,7.2100E-007
1320.269200,6.9160E-007
1320.548000,7.0950E-007
1320.826800,7.0790E-007
1321.105600,6.5340E-007
1321.384400,6.9060E-007
1321.663200,6.6670E-007
1321.942000,6.7630E-007
1322.220800,7.2270E-007
1322.499600,7.1310E-007
1322.778400,6.9930E-007
1323.057200,6.9830E-007
1323.336000,7.2370E-007
1323.614800,6.8170E-007
1323.893600,6.4940E-007
1324.172400,6.6850E-007
1324.451200,6.6120E-007
1324.730000,6.0300E-007
1325.008800,6.7620E-007
1325.287600,6.7450E-007
1325.566400,6.6190E-007
1325.845200,7.3080E-007
1326.124000,6.7210E-007
1326.402800,6.8670E-007
1326.681600,6.6670E-007
1326.960400,6.8260E-007
1327.239200,6.9570E-007
1327.518000,6.7440E-007
1327.796800,7.1270E-007
1328.075600,6.5840E-007
1328.354400,6.8040E-007
1328.633200,6.6220E-007
1328.912000,6.4300E-007
1329.190800,6.8820E-007
1329.469600,6.8490E-007
1329.748400,6.5120E-007
1330.027200,6.7070E-007
1330.306000,7.0120E-007
1330.584800,6.6900E-007
1330.863600,6.6710E-007
1331.142400,6.9720E-007
1331.421200,6.8860E-007
1331.700000,6.8850E-007
1331.978800,6.6640E-007
1332.257600,6.7780E-007
1332.536400,6.9140E-007
1332.815200,7.0210E-007
1333.094000,6.8070E-007
1333.372800,6.5090E-007
1333.651600,6.7950E-007
1333.930400,6.9200E-007
1334.209200,7.0010E-007
1334.488000,6.5020E-007
1334.766800,6.8280E-007
1335.045600,6.2550E-007
1335.324400,6.9230E-007
1335.603200,6.5640E-007
1335.882000,6.2990E-007
1336.160800,6.5750E-007
1336.439600,6.3460E-007
1336.718400,6.5100E-007
1336.997200,6.3160E-007
1337.276000,7.0960E-007
1337.554800,6.6910E-007
1337.833600,6.9720E-007
1338.112400,6.9230E-007
1338.391200,7.2380E-007
1338.670000,6.7680E-007
1338.948800,7.0960E-007
1339.227600,6.5900E-007
1339.506400,6.7200E-007
1339.785200,7.0350E-007
1340.064000,6.6550E-007
1340.342800,6.7030E-007
1340.621600,6.8160E-007
1340.900400,6.8160E-007
1341.179200,6.5310E-007
1341.458000,6.2580E-007
1341.736800,6.8710E-007
1342.015600,7.2100E-007
1342.294400,6.8200E-007
1342.573200,6.6480E-007
1342.852000,6.8100E-007
1343.130800,7.1580E-007
1343.409600,6.5100E-007
1343.688400,6.8590E-007
1343.967200,7.2110E-007
1344.246000,6.7790E-007
1344.524800,6.8750E-007
1344.803600,6.6190E-007
1345.082400,6.9060E-007
1345.361200,6.5520E-007
1345.640000,7.3210E-007
1345.918800,6.7770E-007
1346.197600,7.0810E-007
1346.476400,7.0820E-007
1346.755200,7.4340E-007
1347.034000,6.2290E-007
1347.312800,7.0330E-007
1347.591600,6.5810E-007
1347.870400,6.9210E-007
1348.149200,6.6910E-007
1348.428000,6.6830E-007
1348.706800,6.6130E-007
1348.985600,6.7340E-007
1349.264400,7.2160E-007
1349.543200,6.9630E-007
1349.822000,6.9800E-007
1350.100800,6.4870E-007
1350.379600,7.2920E-007
1350.658400,7.0590E-007
1350.937200,6.6060E-007
1351.216000,6.6880E-007
1351.494800,6.6690E-007
1351.773600,6.7910E-007
1352.052400,6.7830E-007
1352.331200,6.7980E-007
1352.610000,6.4760E-007
1352.888800,7.2140E-007
1353.167600,7.1780E-007
1353.446400,6.7750E-007
1353.725200,7.5290E-007
1354.004000,6.2270E-007
1354.282800,6.8400E-007
1354.561600,7.1160E-007
1354.840400,6.8670E-007
1355.119200,7.0370E-007
1355.398000,6.7930E-007
1355.676800,7.1870E-007
1355.955600,7.1500E-007
1356.234400,6.8640E-007
1356.513200,7.1950E-007
1356.792000,6.8230E-007
1357.070800,7.4810E-007
1357.349600,7.6010E-007
1357.628400,6.9040E-007
1357.907200,6.8520E-007
1358.186000,7.2530E-007
1358.464800,7.1080E-007
1358.743600,7.2680E-007
1359.022400,6.9120E-007
1359.301200,7.1510E-007
1359.580000,6.9630E-007
1359.858800,6.9660E-007
1360.137600,6.9660E-007
1360.416400,7.4120E-007
1360.695200,6.9860E-007
1360.974000,7.3370E-007
1361.252800,6.8720E-007
1361.531600,6.8130E-007
1361.810400,7.5130E-007
1362.089200,7.0040E-007
1362.368000,6.6500E-007
1362.646800,7.2030E-007
1362.925600,6.5730E-007
1363.204400,7.2410E-007
1363.483200,6.3610E-007
1363.762000,7.0440E-007
1364.040800,6.6040E-007
1364.319600,6.5740E-007
1364.598400,6.9250E-007
1364.877200,7.0450E-007
1365.156000,6.9350E-007
1365.434800,6.9790E-007
1365.713600,6.7130E-007
1365.992400,6.9350E-007
1366.271200,7.1640E-007
1366.550000,7.1830E-007
1366.828800,6.7590E-007
1367.107600,7.0460E-007
1367.386400,7.1650E-007
1367.665200,7.0590E-007
1367.944000,7.1130E-007
1368.222800,7.0320E-007
1368.501600,7.0100E-007
1368.780400,7.1640E-007
1369.059200,7.0250E-007
1369.338000,6.9370E-007
1369.616800,6.9350E-007
1369.895600,6.8170E-007
1370.174400,7.0750E-007
1370.453200,7.0950E-007
1370.732000,7.0920E-007
1371.010800,6.7370E-007
1371.289600,6.3600E-007
1371.568400,7.1500E-007
1371.847200,6.6690E-007
1372.126000,6.6580E-007
1372.404800,6.7740E-007
1372.683600,6.5600E-007
1372.962400,6.6810E-007
1373.241200,6.7690E-007
1373.520000,6.3960E-007
1373.798800,6.5990E-007
1374.077600,6.8340E-007
1374.356400,6.8260E-007
1374.635200,6.8430E-007
1374.914000,6.3320E-007
1375.192800,6.3090E-007
1375.471600,6.8020E-007
1375.750400,6.9150E-007
1376.029200,6.4800E-007
1376.308000,6.9270E-007
1376.586800,6.4970E-007
1376.865600,6.1850E-007
1377.144400,6.4240E-007
1377.423200,6.5250E-007
1377.702000,6.3610E-007
1377.980800,7.0710E-007
1378.259600,6.8910E-007
1378.538400,7.2290E-007
1378.817200,6.8830E-007
1379.096000,7.2340E-007
1379.374800,6.6960E-007
1379.653600,6.8480E-007
1379.932400,7.2410E-007
1380.211200,6.7210E-007
1380.490000,6.6640E-007
1380.768800,7.1100E-007
1381.047600,6.9090E-007
1381.326400,6.9890E-007
1381.605200,7.1260E-007
1381.884000,6.4750E-007
1382.162800,6.6930E-007
1382.441600,6.6240E-007
1382.720400,6.5680E-007
1382.999200,6.4930E-007
1383.278000,6.9140E-007
1383.556800,6.6940E-007
1383.835600,6.6810E-007
1384.114400,7.0820E-007
1384.393200,6.9430E-007
1384.672000,6.7700E-007
1384.950800,6.8950E-007
1385.229600,6.3380E-007
1385.508400,6.7900E-007
1385.787200,7.0150E-007
1386.066000,6.5610E-007
1386.344800,6.5640E-007
1386.623600,6.9190E-007
1386.902400,6.6450E-007
1387.181200,7.1460E-007
1387.460000,7.1840E-007
1387.738800,6.9120E-007
1388.017600,6.4900E-007
1388.296400,7.2620E-007
1388.575200,6.7930E-007
1388.854000,7.4460E-007
1389.132800,6.8790E-007
1389.411600,6.8010E-007
1389.690400,6.9910E-007
1389.969200,7.0890E-007
1390.248000,6.7950E-007
1390.526800,6.8770E-007
1390.805600,6.7580E-007
1391.084400,6.9720E-007
1391.363200,6.4950E-007
1391.642000,6.9250E-007
1391.920800,6.9450E-007
1392.199600,7.0930E-007
1392.478400,6.7250E-007
1392.757200,7.1440E-007
1393.036000,6.8610E-007
1393.314800,6.6130E-007
1393.593600,7.5510E-007
1393.872400,6.8380E-007
1394.151200,7.0560E-007
1394.430000,7.2340E-007
1394.708800,6.5580E-007
1394.987600,6.8740E-007
1395.266400,7.2080E-007
1395.545200,7.4430E-007
1395.824000,6.9890E-007
1396.102800,7.0430E-007
1396.381600,7.1690E-007
1396.660400,6.7160E-007
1396.939200,6.9970E-007
1397.218000,7.0240E-007
1397.496800,7.9190E-007
1397.775600,7.4440E-007
1398.054400,7.1910E-007
1398.333200,7.4910E-007
1398.612000,7.0280E-007
1398.890800,7.1920E-007
1399.169600,6.9930E-007
1399.448400,7.3650E-007
1399.727200,7.0020E-007
1400.006000,7.2750E-007
1400.284800,6.9370E-007
1400.563600,7.7390E-007
1400.842400,7.3530E-007
1401.121200,7.5220E-007
1401.400000,7.1880E-007
1401.678800,7.4500E-007
1401.957600,7.5840E-007
1402.236400,7.3830E-007
1402.515200,7.5760E-007
1402.794000,7.3330E-007
1403.072800,7.3500E-007
1403.351600,7.2640E-007
1403.630400,7.7130E-007
1403.909200,7.7570E-007
1404.188000,7.9690E-007
1404.466800,7.8650E-007
1404.745600,7.9360E-007
1405.024400,7.5280E-007
1405.303200,7.5800E-007
1405.582000,7.8470E-007
1405.860800,7.4590E-007
1406.139600,7.7220E-007
1406.418400,7.5860E-007
1406.697200,7.5990E-007
1406.976000,7.7060E-007
1407.254800,7.7390E-007
1407.533600,8.0760E-007
1407.812400,7.6690E-007
1408.091200,7.6340E-007
1408.370000,7.4370E-007
1408.648800,7.4890E-007
1408.927600,7.7930E-007
1409.206400,7.6700E-007
1409.485200,7.4370E-007
1409.764000,7.5830E-007
1410.042800,6.7410E-007
1410.321600,7.7290E-007
1410.600400,7.2640E-007
1410.879200,7.3480E-007
1411.158000,7.5970E-007
1411.436800,7.7390E-007
1411.715600,7.7480E-007
1411.994400,7.4780E-007
1412.273200,7.8270E-007
1412.552000,7.5280E-007
1412.830800,7.2770E-007
1413.109600,7.7710E-007
1413.388400,7.5500E-007
1413.667200,7.0720E-007
1413.946000,7.4580E-007
1414.224800,7.9700E-007
1414.503600,7.9230E-007
1414.782400,7.5990E-007
1415.061200,7.7750E-007
1415.340000,7.9690E-007
1415.618800,7.4400E-007
1415.897600,7.9700E-007
1416.176400,7.6330E-007
1416.455200,7.8460E-007
1416.734000,7.8670E-007
1417.012800,7.9620E-007
1417.291600,7.2600E-007
1417.570400,7.8260E-007
1417.849200,7.9920E-007
1418.128000,7.5800E-007
1418.406800,8.1640E-007
1418.685600,7.9110E-007
1418.964400,7.7000E-007
1419.243200,7.5000E-007
1419.522000,8.1930E-007
1419.800800,8.1160E-007
1420.079600,8.1030E-007
1420.358400,8.2340E-007
1420.637200,7.8890E-007
1420.916000,8.1030E-007
1421.194800,8.2800E-007
1421.473600,8.1690E-007
1421.752400,8.0490E-007
1422.031200,8.5330E-007
1422.310000,7.9650E-007
1422.588800,8.3590E-007
1422.867600,8.1760E-007
1423.146400,8.4400E-007
1423.425200,8.2080E-007
1423.704000,7.5780E-007
1423.982800,8.2380E-007
1424.261600,8.1790E-007
1424.540400,8.1980E-007
1424.819200,8.6690E-007
1425.098000,8.7300E-007
1425.376800,8.6900E-007
1425.655600,8.3600E-007
1425.934400,8.4770E-007
1426.213200,8.5280E-007
1426.492000,9.0970E-007
1426.770800,9.0830E-007
1427.049600,8.9290E-007
1427.328400,8.6180E-007
1427.607200,8.4180E-007
1427.886000,9.0060E-007
1428.164800,8.6840E-007
1428.443600,8.4430E-007
1428.722400,8.4190E-007
1429.001200,8.9170E-007
1429.280000,8.9220E-007
1429.558800,8.8490E-007
1429.837600,9.1300E-007
1430.116400,8.5640E-007
1430.395200,9.5250E-007
1430.674000,9.0550E-007
1430.952800,9.3210E-007
1431.231600,9.2340E-007
1431.510400,9.2000E-007
1431.789200,9.5970E-007
1432.068000,9.5470E-007
1432.346800,9.3940E-007
1432.625600,9.7650E-007
1432.904400,9.8600E-007
1433.183200,9.8720E-007
1433.462000,1.0080E-006
1433.740800,9.7880E-007
1434.019600,9.5710E-007
1434.298400,1.0360E-006
1434.577200,9.5790E-007
1434.856000,9.7200E-007
1435.134800,1.0100E-006
1435.413600,1.0060E-006
1435.692400,1.0010E-006
1435.971200,1.0300E-006
1436.250000,9.9010E-007
1436.528800,1.0050E-006
1436.807600,1.0570E-006
1437.086400,1.0520E-006
1437.365200,1.0320E-006
1437.644000,1.0640E-006
1437.922800,1.0210E-006
1438.201600,1.0440E-006
1438.480400,1.0460E-006
1438.759200,1.0550E-006
1439.038000,1.1110E-006
1439.316800,1.1090E-006
1439.595600,1.0860E-006
1439.874400,1.0780E-006
1440.153200,1.1270E-006
1440.432000,1.0990E-006
1440.710800,1.1040E-006
1440.989600,1.0650E-006
1441.268400,1.0840E-006
1441.547200,1.0930E-006
1441.826000,1.1490E-006
1442.104800,1.1220E-006
1442.383600,1.2030E-006
1442.662400,1.1510E-006
1442.941200,1.1250E-006
1443.220000,1.1330E-006
1443.498800,1.1630E-006
1443.777600,1.1180E-006
1444.056400,1.1550E-006
1444.335200,1.1720E-006
1444.614000,1.1720E-006
1444.892800,1.1630E-006
1445.171600,1.1910E-006
1445.450400,1.2200E-006
1445.729200,1.2080E-006
1446.008000,1.2120E-006
1446.286800,1.1440E-006
1446.565600,1.2140E-006
1446.844400,1.2180E-006
1447.123200,1.1880E-006
1447.402000,1.1970E-006
1447.680800,1.2320E-006
1447.959600,1.2960E-006
1448.238400,1.2520E-006
1448.517200,1.2950E-006
1448.796000,1.2720E-006
1449.074800,1.2260E-006
1449.353600,1.2870E-006
1449.632400,1.2620E-006
1449.911200,1.2500E-006
1450.190000,1.2760E-006
1450.468800,1.2970E-006
1450.747600,1.3570E-006
1451.026400,1.3270E-006
1451.305200,1.3150E-006
1451.584000,1.3730E-006
1451.862800,1.3540E-006
1452.141600,1.3720E-006
1452.420400,1.3910E-006
1452.699200,1.3200E-006
1452.978000,1.3670E-006
1453.256800,1.3850E-006
1453.535600,1.3980E-006
1453.814400,1.4350E-006
1454.093200,1.3900E-006
1454.372000,1.4050E-006
1454.650800,1.4530E-006
1454.929600,1.4090E-006
1455.208400,1.3710E-006
1455.487200,1.4670E-006
1455.766000,1.4200E-006
1456.044800,1.4860E-006
1456.323600,1.4760E-006
1456.602400,1.5010E-006
1456.881200,1.5010E-006
1457.160000,1.4210E-006
1457.438800,1.5420E-006
1457.717600,1.5230E-006
1457.996400,1.4910E-006
1458.275200,1.5120E-006
1458.554000,1.4930E-006
1458.832800,1.5260E-006
1459.111600,1.5250E-006
1459.390400,1.5360E-006
1459.669200,1.5480E-006
1459.948000,1.5770E-006
1460.226800,1.5440E-006
1460.505600,1.5950E-006
1460.784400,1.5940E-006
1461.063200,1.5820E-006
1461.342000,1.6190E-006
1461.620800,1.5940E-006
1461.899600,1.6470E-006
1462.178400,1.6350E-006
1462.457200,1.6280E-006
1462.736000,1.6170E-006
1463.014800,1.6190E-006
1463.293600,1.6760E-006
1463.572400,1.6180E-006
1463.851200,1.6610E-006
1464.130000,1.6950E-006
1464.408800,1.7260E-006
1464.687600,1.7010E-006
1464.966400,1.7480E-006
1465.245200,1.7360E-006
1465.524000,1.6900E-006
1465.802800,1.7400E-006
1466.081600,1.7330E-006
1466.360400,1.7430E-006
1466.639200,1.7700E-006
1466.918000,1.7940E-006
1467.196800,1.7250E-006
1467.475600,1.7790E-006
1467.754400,1.7580E-006
1468.033200,1.7860E-006
1468.312000,1.8010E-006
1468.590800,1.7910E-006
1468.869600,1.8490E-006
1469.148400,1.8750E-006
1469.427200,1.8060E-006
1469.706000,1.8250E-006
1469.984800,1.8480E-006
1470.263600,1.8950E-006
1470.542400,1.8900E-006
1470.821200,1.8350E-006
1471.100000,1.9100E-006
1471.378800,1.8800E-006
1471.657600,1.9360E-006
1471.936400,1.8850E-006
1472.215200,1.9100E-006
1472.494000,1.9600E-006
1472.772800,1.9510E-006
1473.051600,1.9160E-006
1473.330400,1.9770E-006
1473.609200,1.9390E-006
1473.888000,1.9890E-006
1474.166800,1.9650E-006
1474.445600,1.9440E-006
1474.724400,1.9700E-006
1475.003200,1.9960E-006
1475.282000,2.0170E-006
1475.560800,2.0310E-006
1475.839600,2.0460E-006
1476.118400,2.0850E-006
1476.397200,2.0440E-006
1476.676000,2.0860E-006
1476.954800,2.0960E-006
1477.233600,2.0680E-006
1477.512400,2.0980E-006
1477.791200,2.1200E-006
1478.070000,2.1280E-006
1478.348800,2.1750E-006
1478.627600,2.1810E-006
1478.906400,2.1680E-006
1479.185200,2.1920E-006
1479.464000,2.1940E-006
1479.742800,2.1880E-006
1480.021600,2.2310E-006
1480.300400,2.2030E-006
1480.579200,2.1780E-006
1480.858000,2.2560E-006
1481.136800,2.2920E-006
1481.415600,2.2980E-006
1481.694400,2.3100E-006
1481.973200,2.2860E-006
1482.252000,2.3490E-006
1482.530800,2.4050E-006
1482.809600,2.3530E-006
1483.088400,2.3540E-006
1483.367200,2.4030E-006
1483.646000,2.3860E-006
1483.924800,2.4430E-006
1484.203600,2.4320E-006
1484.482400,2.4420E-006
1484.761200,2.4860E-006
1485.040000,2.4840E-006
1485.318800,2.5010E-006
1485.597600,2.5490E-006
1485.876400,2.5240E-006
1486.155200,2.5560E-006
1486.434000,2.5930E-006
1486.712800,2.5860E-006
1486.991600,2.6750E-006
1487.270400,2.6510E-006
1487.549200,2.6530E-006
1487.828000,2.6480E-006
1488.106800,2.6790E-006
1488.385600,2.7120E-006
1488.664400,2.7280E-006
1488.943200,2.7490E-006
1489.222000,2.7430E-006
1489.500800,2.8490E-006
1489.779600,2.8580E-006
1490.058400,2.8590E-006
1490.337200,2.8810E-006
1490.616000,2.9340E-006
1490.894800,2.9420E-006
1491.173600,2.8970E-006
1491.452400,2.9540E-006
1491.731200,2.9990E-006
1492.010000,3.0180E-006
1492.288800,3.0370E-006
1492.567600,3.0840E-006
1492.846400,3.1110E-006
1493.125200,3.1220E-006
1493.404000,3.1620E-006
1493.682800,3.2130E-006
1493.961600,3.2430E-006
1494.240400,3.2950E-006
1494.519200,3.3020E-006
1494.798000,3.3650E-006
1495.076800,3.3530E-006
1495.355600,3.3820E-006
1495.634400,3.4160E-006
1495.913200,3.4600E-006
1496.192000,3.4500E-006
1496.470800,3.5130E-006
1496.749600,3.5490E-006
1497.028400,3.6120E-006
1497.307200,3.5690E-006
1497.586000,3.6900E-006
1497.864800,3.7640E-006
1498.143600,3.7610E-006
1498.422400,3.7460E-006
1498.701200,3.8260E-006
1498.980000,3.8750E-006
1499.258800,3.9300E-006
1499.537600,4.0140E-006
1499.816400,4.0020E-006
1500.095200,4.0450E-006
1500.374000,4.1040E-006
1500.652800,4.1550E-006
1500.931600,4.2080E-006
1501.210400,4.3300E-006
1501.489200,4.3940E-006
1501.768000,4.4360E-006
1502.046800,4.4280E-006
1502.325600,4.4800E-006
1502.604400,4.4900E-006
1502.883200,4.5670E-006
1503.162000,4.7180E-006
1503.440800,4.7100E-006
1503.719600,4.7960E-006
1503.998400,4.8220E-006
1504.277200,4.9230E-006
1504.556000,5.0010E-006
1504.834800,5.1210E-006
1505.113600,5.1560E-006
1505.392400,5.2770E-006
1505.671200,5.4250E-006
1505.950000,5.5200E-006
1506.228800,5.5920E-006
1506.507600,5.6360E-006
1506.786400,5.6870E-006
1507.065200,5.8270E-006
1507.344000,5.9430E-006
1507.622800,6.2300E-006
1507.901600,6.4360E-006
1508.180400,6.5040E-006
1508.459200,6.4600E-006
1508.738000,6.5390E-006
1509.016800,7.0570E-006
1509.295600,7.3690E-006
1509.574400,7.4540E-006
1509.853200,7.6490E-006
1510.132000,7.9170E-006
1510.410800,8.2210E-006
1510.689600,8.4200E-006
1510.968400,8.5940E-006
1511.247200,9.1730E-006
1511.526000,9.4390E-006
1511.804800,9.4640E-006
1512.083600,9.5270E-006
1512.362400,9.8030E-006
1512.641200,1.0650E-005
1512.920000,1.1300E-005
1513.198800,1.1570E-005
1513.477600,1.1850E-005
1513.756400,1.2310E-005
1514.035200,1.3130E-005
1514.314000,1.3940E-005
1514.592800,1.4020E-005
1514.871600,1.4700E-005
1515.150400,1.5490E-005
1515.429200,1.6270E-005
1515.708000,1.7980E-005
1515.986800,1.9460E-005
1516.265600,2.1170E-005
1516.544400,2.2480E-005
1516.823200,2.1490E-005
1517.102000,2.2490E-005
1517.380800,2.4580E-005
1517.659600,2.6410E-005
1517.938400,2.7550E-005
1518.217200,2.9240E-005
1518.496000,3.1490E-005
1518.774800,3.2890E-005
1519.053600,3.4630E-005
1519.332400,3.5690E-005
1519.611200,3.9350E-005
1519.890000,4.2380E-005
1520.168800,4.5360E-005
1520.447600,5.0420E-005
1520.726400,5.5190E-005
1521.005200,6.0570E-005
1521.284000,6.8690E-005
1521.562800,7.9050E-005
1521.841600,8.4110E-005
1522.120400,8.8000E-005
1522.399200,9.3200E-005
1522.678000,9.5830E-005
1522.956800,1.0080E-004
1523.235600,1.1210E-004
1523.514400,1.3540E-004
1523.793200,1.6740E-004
1524.072000,2.0660E-004
1524.350800,2.5560E-004
1524.629600,2.9920E-004
1524.908400,3.6210E-004
1525.187200,4.4830E-004
1525.466000,5.5320E-004
1525.744800,6.4270E-004
1526.023600,7.3070E-004
1526.302400,8.7700E-004
1526.581200,1.0580E-003
1526.860000,1.2180E-003
1527.138800,1.3740E-003
1527.417600,1.5890E-003
1527.696400,1.8450E-003
1527.975200,2.0750E-003
1528.254000,2.3050E-003
1528.532800,2.5710E-003
1528.811600,2.7530E-003
1529.090400,2.8300E-003
1529.369200,2.9340E-003
1529.648000,3.1420E-003
1529.926800,3.4520E-003
1530.205600,3.6730E-003
1530.484400,3.6460E-003
1530.763200,3.6070E-003
1531.042000,3.6880E-003
1531.320800,3.6660E-003
1531.599600,3.4540E-003
1531.878400,3.4300E-003
1532.157200,3.6660E-003
1532.436000,3.7000E-003
1532.714800,3.6660E-003
1532.993600,3.7460E-003
1533.272400,3.9040E-003
1533.551200,3.8430E-003
1533.830000,3.7090E-003
1534.108800,3.8590E-003
1534.387600,4.4120E-003
1534.666400,7.6900E-003
1534.945200,1.2670E-002
1535.224000,1.3350E-002
1535.502800,1.2560E-002
1535.781600,1.2340E-002
1536.060400,1.0730E-002
1536.339200,8.1620E-003
1536.618000,6.5890E-003
1536.896800,6.9040E-003
1537.175600,7.0000E-003
1537.454400,5.8360E-003
1537.733200,4.8160E-003
1538.012000,4.9540E-003
1538.290800,5.6560E-003
1538.569600,6.9060E-003
1538.848400,8.5820E-003
1539.127200,8.7980E-003
1539.406000,8.6360E-003
1539.684800,9.1820E-003
1539.963600,8.4620E-003
1540.242400,8.6540E-003
1540.521200,1.1360E-002
1540.800000,1.4200E-002
1541.078800,1.6380E-002
1541.357600,1.8240E-002
1541.636400,1.8580E-002
1541.915200,1.6570E-002
1542.194000,1.4210E-002
1542.472800,1.5670E-002
1542.751600,2.1590E-002
1543.030400,2.7840E-002
1543.309200,2.6630E-002
1543.588000,2.1780E-002
1543.866800,2.2370E-002
1544.145600,2.6310E-002
1544.424400,2.7400E-002
1544.703200,4.9330E-002
1544.982000,1.1740E-001
1545.260800,1.2770E-001
1545.539600,1.0260E-001
1545.818400,9.9040E-002
1546.097200,8.9460E-002
1546.376000,6.8760E-002
1546.654800,6.0990E-002
1546.933600,6.1020E-002
1547.212400,5.8920E-002
1547.491200,5.5000E-002
1547.770000,4.2710E-002
1548.048800,3.5530E-002
1548.327600,3.4680E-002
1548.606400,3.4520E-002
1548.885200,3.5840E-002
1549.164000,4.1150E-002
1549.442800,4.8740E-002
1549.721600,5.8010E-002
1550.000400,6.1690E-002
1550.279200,5.7900E-002
1550.558000,5.3830E-002
1550.836800,5.8510E-002
1551.115600,6.9070E-002
1551.394400,7.7730E-002
1551.673200,8.8620E-002
1551.952000,9.3000E-002
1552.230800,7.8300E-002
1552.509600,6.3250E-002
1552.788400,6.2920E-002
1553.067200,6.6640E-002
1553.346000,8.0900E-002
1553.624800,9.3660E-002
1553.903600,8.8130E-002
1554.182400,8.6550E-002
1554.461200,8.2560E-002
1554.740000,8.4480E-002
1555.018800,9.6980E-002
1555.297600,1.1260E-001
1555.576400,1.1390E-001
1555.855200,1.0600E-001
1556.134000,1.0370E-001
1556.412800,1.2070E-001
1556.691600,1.3850E-001
1556.970400,1.3740E-001
1557.249200,1.2200E-001
1557.528000,1.1060E-001
1557.806800,1.0250E-001
1558.085600,1.0020E-001
1558.364400,1.0680E-001
1558.643200,1.1900E-001
1558.922000,1.2680E-001
1559.200800,1.2330E-001
1559.479600,1.0670E-001
1559.758400,8.7240E-002
1560.037200,7.7940E-002
1560.316000,7.8680E-002
1560.594800,8.2410E-002
1560.873600,8.0580E-002
1561.152400,7.1260E-002
1561.431200,6.2420E-002
1561.710000,5.7200E-002
1561.988800,5.3940E-002
1562.267600,5.0660E-002
1562.546400,4.9780E-002
1562.825200,5.2770E-002
1563.104000,5.7150E-002
1563.382800,6.0410E-002
1563.661600,6.2150E-002
1563.940400,6.1310E-002
1564.219200,6.0830E-002
1564.498000,5.7800E-002
1564.776800,5.7190E-002
1565.055600,5.6440E-002
1565.334400,5.7570E-002
1565.613200,5.7330E-002
1565.892000,5.5660E-002
1566.170800,5.5830E-002
1566.449600,5.8580E-002
1566.728400,5.8320E-002
1567.007200,5.6200E-002
1567.286000,5.0560E-002
1567.564800,4.6280E-002
1567.843600,3.8970E-002
1568.122400,3.7940E-002
1568.401200,4.0160E-002
1568.680000,4.3270E-002
1568.958800,4.5120E-002
1569.237600,4.5840E-002
1569.516400,4.6240E-002
1569.795200,4.4950E-002
1570.074000,4.2500E-002
1570.352800,3.8110E-002
1570.631600,3.5890E-002
1570.910400,3.6780E-002
1571.189200,3.7960E-002
1571.468000,3.7520E-002
1571.746800,3.6390E-002
1572.025600,3.9910E-002
1572.304400,4.4480E-002
1572.583200,4.5110E-002
1572.862000,4.3260E-002
1573.140800,4.1810E-002
1573.419600,4.0220E-002
1573.698400,3.7290E-002
1573.977200,3.3760E-002
1574.256000,2.9730E-002
1574.534800,2.7620E-002
1574.813600,2.7550E-002
1575.092400,2.6830E-002
1575.371200,2.6450E-002
1575.650000,2.6240E-002
1575.928800,2.6120E-002
1576.207600,2.5220E-002
1576.486400,2.3130E-002
1576.765200,1.9810E-002
1577.044000,1.7280E-002
1577.322800,1.5060E-002
1577.601600,1.2930E-002
1577.880400,1.1190E-002
1578.159200,1.0030E-002
1578.438000,9.0850E-003
1578.716800,8.4180E-003
1578.995600,8.3240E-003
1579.274400,8.8200E-003
1579.553200,9.4370E-003
1579.832000,9.8830E-003
1580.110800,1.0370E-002
1580.389600,1.0910E-002
1580.668400,1.1020E-002
1580.947200,1.0720E-002
1581.226000,1.0440E-002
1581.504800,1.0260E-002
1581.783600,9.5360E-003
1582.062400,8.3640E-003
1582.341200,7.6470E-003
1582.620000,6.3970E-003
1582.898800,5.2230E-003
1583.177600,4.2710E-003
1583.456400,3.6300E-003
1583.735200,3.2340E-003
1584.014000,3.0180E-003
1584.292800,3.0250E-003
1584.571600,3.2210E-003
1584.850400,3.5040E-003
1585.129200,3.7310E-003
1585.408000,3.7730E-003
1585.686800,3.7140E-003
1585.965600,3.4570E-003
1586.244400,3.0280E-003
1586.523200,2.5400E-003
1586.802000,2.0810E-003
1587.080800,1.6630E-003
1587.359600,1.2870E-003
1587.638400,9.9790E-004
1587.917200,7.7140E-004
1588.196000,6.4510E-004
1588.474800,6.2110E-004
1588.753600,6.2800E-004
1589.032400,6.4590E-004
1589.311200,6.9350E-004
1589.590000,7.2370E-004
1589.868800,7.2320E-004
1590.147600,6.8840E-004
1590.426400,5.9110E-004
1590.705200,4.5390E-004
1590.984000,3.1390E-004
1591.262800,2.1050E-004
1591.541600,1.5130E-004
1591.820400,1.3560E-004
1592.099200,1.4830E-004
1592.378000,1.7640E-004
1592.656800,1.9270E-004
1592.935600,1.8260E-004
1593.214400,1.4660E-004
1593.493200,1.0140E-004
1593.772000,6.7070E-005
1594.050800,6.2990E-005
1594.329600,8.0310E-005
1594.608400,9.4260E-005
1594.887200,8.8470E-005
1595.166000,7.0270E-005
1595.444800,5.4180E-005
1595.723600,5.3930E-005
1596.002400,6.8640E-005
1596.281200,8.3630E-005
1596.560000,8.8150E-005
1596.838800,8.3450E-005
1597.117600,7.2040E-005
1597.396400,5.9570E-005
1597.675200,5.2770E-005
1597.954000,5.4770E-005
1598.232800,5.7020E-005
1598.511600,5.4570E-005
1598.790400,4.8330E-005
1599.069200,3.7290E-005
1599.348000,3.3420E-005
1599.626800,3.2360E-005
1599.905600,3.2900E-005
1600.184400,3.2810E-005
1600.463200,3.1210E-005
1600.742000,2.7110E-005
1601.020800,2.2880E-005
1601.299600,2.0720E-005
1601.578400,2.0920E-005
1601.857200,2.1480E-005
1602.136000,2.0780E-005
1602.414800,2.0080E-005
1602.693600,2.1570E-005
1602.972400,2.5530E-005
1603.251200,2.9070E-005
1603.530000,2.7240E-005
1603.808800,2.2780E-005
1604.087600,2.2640E-005
1604.366400,2.6990E-005
1604.645200,2.8320E-005
1604.924000,2.3070E-005
1605.202800,1.6250E-005
1605.481600,1.4750E-005
1605.760400,1.4850E-005
1606.039200,1.3580E-005
1606.318000,1.3170E-005
1606.596800,1.3030E-005
1606.875600,1.3350E-005
1607.154400,1.3260E-005
1607.433200,1.3100E-005
1607.712000,1.4810E-005
1607.990800,1.6920E-005
1608.269600,1.6890E-005
1608.548400,1.3510E-005
1608.827200,1.1290E-005
1609.106000,1.1470E-005
1609.384800,1.1540E-005
1609.663600,1.0170E-005
1609.942400,9.1630E-006
1610.221200,8.5330E-006
1610.500000,8.5210E-006
1610.778800,8.8660E-006
1611.057600,9.4750E-006
1611.336400,9.9090E-006
1611.615200,1.0030E-005
1611.894000,9.6830E-006
1612.172800,9.5500E-006
1612.451600,9.8000E-006
1612.730400,9.2640E-006
1613.009200,8.0370E-006
1613.288000,7.3290E-006
1613.566800,6.9570E-006
1613.845600,6.8990E-006
1614.124400,7.1610E-006
1614.403200,7.1470E-006
1614.682000,7.4420E-006
1614.960800,7.7790E-006
1615.239600,7.8930E-006
1615.518400,7.9730E-006
1615.797200,7.5020E-006
1616.076000,6.6800E-006
1616.354800,6.4770E-006
1616.633600,6.0570E-006
1616.912400,5.7350E-006
1617.191200,5.7640E-006
1617.470000,5.6540E-006
1617.748800,6.0280E-006
1618.027600,6.3110E-006
1618.306400,6.1630E-006
1618.585200,6.0050E-006
1618.864000,5.9010E-006
1619.142800,5.8110E-006
1619.421600,5.4850E-006
1619.700400,5.1150E-006
1619.979200,4.9330E-006
1620.258000,4.9240E-006
1620.536800,5.0180E-006
1620.815600,4.9220E-006
1621.094400,5.1770E-006
1621.373200,5.1940E-006
1621.652000,5.2810E-006
1621.930800,5.1690E-006
1622.209600,4.9490E-006
1622.488400,4.7780E-006
1622.767200,4.4880E-006
1623.046000,4.3860E-006
1623.324800,4.3000E-006
1623.603600,4.4190E-006
1623.882400,4.5580E-006
1624.161200,4.5140E-006
1624.440000,4.4360E-006
1624.718800,4.5210E-006
1624.997600,4.3520E-006
1625.276400,4.2410E-006
1625.555200,4.1030E-006
1625.834000,3.9550E-006
1626.112800,3.9970E-006
1626.391600,4.1130E-006
1626.670400,4.0860E-006
1626.949200,4.1270E-006
1627.228000,4.1590E-006
1627.506800,3.9690E-006
1627.785600,4.0110E-006
1628.064400,3.9360E-006
1628.343200,3.7680E-006
1628.622000,3.7490E-006
1628.900800,3.8740E-006
1629.179600,3.8080E-006
1629.458400,3.7970E-006
1629.737200,3.7990E-006
1630.016000,3.7540E-006
1630.294800,3.6640E-006
1630.573600,3.6410E-006
1630.852400,3.5270E-006
1631.131200,3.5190E-006
1631.410000,3.6040E-006
1631.688800,3.5090E-006
1631.967600,3.5020E-006
1632.246400,3.5950E-006
1632.525200,3.5570E-006
1632.804000,3.4100E-006
1633.082800,3.4290E-006
1633.361600,3.4890E-006
1633.640400,3.4520E-006
1633.919200,3.5200E-006
1634.198000,3.4310E-006
1634.476800,3.4540E-006
1634.755600,3.3390E-006
1635.034400,3.3270E-006
1635.313200,3.3550E-006
1635.592000,3.4290E-006
1635.870800,3.3350E-006
1636.149600,3.3400E-006
1636.428400,3.5030E-006
1636.707200,3.3410E-006
1636.986000,3.3530E-006
1637.264800,3.2920E-006
1637.543600,3.4070E-006
1637.822400,3.2860E-006
1638.101200,3.2700E-006
1638.380000,3.4650E-006
1638.658800,3.4530E-006
1638.937600,3.3330E-006
1639.216400,3.2880E-006
1639.495200,3.2640E-006
1639.774000,3.2880E-006
1640.052800,3.3500E-006
1640.331600,3.2140E-006
1640.610400,3.3920E-006
1640.889200,3.2350E-006
1641.168000,3.1950E-006
1641.446800,3.3150E-006
1641.725600,3.3010E-006
1642.004400,3.2270E-006
1642.283200,3.3410E-006
1642.562000,3.4180E-006
1642.840800,3.2480E-006
1643.119600,3.3470E-006
1643.398400,3.3460E-006
1643.677200,3.3900E-006
1643.956000,3.3690E-006
1644.234800,3.3210E-006
1644.513600,3.3850E-006
1644.792400,3.1930E-006
1645.071200,3.3210E-006
1645.350000,3.4370E-006
1645.628800,3.4100E-006
1645.907600,3.3320E-006
1646.186400,3.3610E-006
1646.465200,3.4560E-006
1646.744000,3.3650E-006
1647.022800,3.4420E-006
1647.301600,3.4800E-006
1647.580400,3.3570E-006
1647.859200,3.4180E-006
1648.138000,3.4020E-006
1648.416800,3.5370E-006
1648.695600,3.4560E-006
1648.974400,3.4050E-006
1649.253200,3.5090E-006
1649.532000,3.5230E-006
1649.810800,3.4350E-006
1650.089600,3.5470E-006
1650.368400,3.4890E-006
1650.647200,3.4440E-006
1650.926000,3.3620E-006
1651.204800,3.5750E-006
1651.483600,3.6530E-006
1651.762400,3.5050E-006
1652.041200,3.7620E-006
1652.320000,3.5960E-006
1652.598800,3.5210E-006
1652.877600,3.6330E-006
1653.156400,3.6550E-006
1653.435200,3.5310E-006
1653.714000,3.6480E-006
1653.992800,3.5310E-006
1654.271600,3.6540E-006
1654.550400,3.6620E-006
1654.829200,3.6540E-006
1655.108000,3.5620E-006
1655.386800,3.7210E-006
1655.665600,3.7800E-006
1655.944400,3.6590E-006
1656.223200,3.7910E-006
1656.502000,3.7770E-006
1656.780800,3.6810E-006
1657.059600,3.7200E-006
1657.338400,3.7390E-006
1657.617200,3.7900E-006
1657.896000,3.7720E-006
1658.174800,3.7210E-006
1658.453600,3.8440E-006
1658.732400,3.9290E-006
1659.011200,3.9120E-006
1659.290000,3.8450E-006
1659.568800,3.7920E-006
1659.847600,3.8660E-006
1660.126400,4.0680E-006
1660.405200,3.9480E-006
1660.684000,4.1230E-006
1660.962800,4.0880E-006
1661.241600,4.1270E-006
1661.520400,4.0320E-006
1661.799200,4.1470E-006
1662.078000,4.2060E-006
1662.356800,4.2360E-006
1662.635600,4.2670E-006
1662.914400,4.2210E-006
1663.193200,4.1910E-006
1663.472000,4.3190E-006
1663.750800,4.3410E-006
1664.029600,4.4780E-006
1664.308400,4.3670E-006
1664.587200,4.5330E-006
1664.866000,4.4480E-006
1665.144800,4.5050E-006
1665.423600,4.3850E-006
1665.702400,4.5600E-006
1665.981200,4.6430E-006
1666.260000,4.7160E-006
1666.538800,4.5610E-006
1666.817600,4.6730E-006
1667.096400,4.8840E-006
1667.375200,4.8860E-006
1667.654000,4.8790E-006
1667.932800,4.8430E-006
1668.211600,5.1440E-006
1668.490400,4.8850E-006
1668.769200,4.8710E-006
1669.048000,4.8530E-006
1669.326800,4.9850E-006
1669.605600,5.1580E-006
1669.884400,4.9840E-006
1670.163200,5.0650E-006
1670.442000,5.0530E-006
1670.720800,5.4810E-006
1670.999600,5.2890E-006
1671.278400,5.4850E-006
1671.557200,5.4900E-006
1671.836000,5.3760E-006
1672.114800,5.6040E-006
1672.393600,5.5500E-006
1672.672400,5.8450E-006
1672.951200,6.0270E-006
1673.230000,5.9170E-006
1673.508800,5.7850E-006
1673.787600,6.1540E-006
1674.066400,6.0280E-006
1674.345200,6.0300E-006
1674.624000,6.0430E-006
1674.902800,6.1270E-006
1675.181600,5.9930E-006
1675.460400,6.1100E-006
1675.739200,6.1760E-006
1676.018000,6.4040E-006
1676.296800,6.6220E-006
1676.575600,6.3800E-006
1676.854400,6.5410E-006
1677.133200,6.3650E-006
1677.412000,6.8680E-006
1677.690800,6.8010E-006
1677.969600,7.0240E-006
1678.248400,7.1150E-006
1678.527200,7.0590E-006
1678.806000,6.7240E-006
1679.084800,6.9760E-006
1679.363600,7.0430E-006
1679.642400,7.2210E-006
1679.921200,6.8230E-006
1680.200000,7.4290E-006
1680.478800,7.3460E-006
1680.757600,7.5070E-006
1681.036400,7.4610E-006
1681.315200,7.7220E-006
1681.594000,7.9210E-006
1681.872800,7.6150E-006
1682.151600,7.8340E-006
1682.430400,8.0130E-006
1682.709200,8.2510E-006
1682.988000,8.0960E-006
1683.266800,7.7290E-006
1683.545600,7.7750E-006
1683.824400,7.8760E-006
1684.103200,7.8740E-006
1684.382000,8.0310E-006
1684.660800,8.0360E-006
1684.939600,8.1270E-006
1685.218400,7.8190E-006
1685.497200,7.9780E-006
1685.776000,8.6060E-006
1686.054800,8.3880E-006
1686.333600,8.5950E-006
1686.612400,8.5600E-006
1686.891200,8.6430E-006
1687.170000,8.4940E-006
1687.448800,8.5900E-006
1687.727600,8.8260E-006
1688.006400,8.9670E-006
1688.285200,8.6720E-006
1688.564000,9.2910E-006
1688.842800,8.8550E-006
1689.121600,9.0780E-006
1689.400400,9.0360E-006
1689.679200,8.7420E-006
1689.958000,9.3730E-006
1690.236800,9.3330E-006
1690.515600,9.4900E-006
1690.794400,9.0240E-006
1691.073200,8.6820E-006
1691.352000,9.5270E-006
1691.630800,9.1190E-006
1691.909600,9.2760E-006
1692.188400,8.9760E-006
1692.467200,9.4550E-006
1692.746000,9.2570E-006
1693.024800,9.6200E-006
1693.303600,9.0620E-006
1693.582400,9.5480E-006
1693.861200,9.5240E-006
1694.140000,9.0720E-006
1694.418800,9.4240E-006
1694.697600,9.6410E-006
1694.976400,9.5940E-006
1695.255200,1.0020E-005
1695.534000,9.9430E-006
1695.812800,9.1250E-006
1696.091600,9.9540E-006
1696.370400,9.9820E-006
1696.649200,9.9000E-006
1696.928000,9.6260E-006
1697.206800,9.6120E-006
1697.485600,9.8840E-006
1697.764400,9.7240E-006
1698.043200,9.3240E-006
1698.322000,9.2860E-006
1698.600800,9.5280E-006
1698.879600,9.7180E-006
1699.158400,1.0050E-005
1699.437200,1.0350E-005
1699.716000,1.0690E-005
1699.994800,9.7310E-006
1700.273600,9.6410E-006
1700.552400,9.4170E-006
1700.831200,9.5160E-006
1701.110000,9.0640E-006
1701.388800,9.6020E-006
1701.667600,9.0970E-006
1701.946400,8.9720E-006
1702.225200,1.0270E-005
1702.504000,9.7880E-006
1702.782800,9.8650E-006
1703.061600,1.0230E-005
1703.340400,9.2210E-006
1703.619200,9.2520E-006
1703.898000,9.2320E-006
1704.176800,1.0520E-005
1704.455600,9.9640E-006
1704.734400,9.1520E-006
1705.013200,1.0120E-005
1705.292000,9.7510E-006
1705.570800,9.7650E-006
1705.849600,9.5420E-006
1706.128400,9.7100E-006
1706.407200,1.0310E-005
1706.686000,1.0160E-005
1706.964800,9.9060E-006
1707.243600,1.0870E-005
1707.522400,1.0150E-005
1707.801200,9.3210E-006
1708.080000,1.0330E-005
1708.358800,1.0160E-005
1708.637600,1.0610E-005
1708.916400,1.0200E-005
1709.195200,1.0100E-005
1709.474000,9.8490E-006
1709.752800,1.0680E-005
1710.031600,9.5350E-006
1710.310400,1.0070E-005
1710.589200,9.9740E-006
1710.868000,1.0600E-005
1711.146800,1.0900E-005
1711.425600,9.7250E-006
1711.704400,9.6820E-006
1711.983200,1.0860E-005
1712.262000,1.0560E-005
1712.540800,1.1330E-005
1712.819600,1.0470E-005
1713.098400,9.7080E-006
1713.377200,1.0790E-005
1713.656000,1.1900E-005
1713.934800,1.0610E-005
1714.213600,1.0480E-005
1714.492400,1.1650E-005
1714.771200,1.1440E-005
1715.050000,1.1940E-005
1715.328800,1.0990E-005
1715.607600,1.0990E-005
1715.886400,1.0290E-005
1716.165200,1.0340E-005
1716.444000,1.1520E-005
1716.722800,1.2970E-005
1717.001600,1.2470E-005
1717.280400,1.2560E-005
1717.559200,1.2210E-005
1717.838000,1.1760E-005
1718.116800,1.0100E-005
1718.395600,1.0590E-005
1718.674400,1.1410E-005
1718.953200,1.2320E-005
1719.232000,1.1920E-005
1719.510800,1.3030E-005
1719.789600,1.2780E-005
1720.068400,1.1430E-005
1720.347200,1.2300E-005
1720.626000,1.2240E-005
1720.904800,1.3830E-005
1721.183600,1.3600E-005
1721.462400,1.1980E-005
1721.741200,1.2520E-005
1722.020000,1.5300E-005
1722.298800,1.3980E-005
1722.577600,1.1580E-005
1722.856400,1.3750E-005
1723.135200,1.2910E-005
1723.414000,1.1850E-005
1723.692800,1.3990E-005
1723.971600,1.4300E-005
1724.250400,1.3350E-005
1724.529200,1.3950E-005
1724.808000,1.3740E-005
1725.086800,1.5230E-005
1725.365600,1.4540E-005
1725.644400,1.3700E-005
1725.923200,1.4560E-005
1726.202000,1.4010E-005
1726.480800,1.4110E-005
1726.759600,1.4680E-005
1727.038400,1.3750E-005
1727.317200,1.3410E-005
1727.596000,1.4700E-005
1727.874800,1.4730E-005
1728.153600,1.4600E-005
1728.432400,1.6390E-005
1728.711200,1.5480E-005
1728.990000,1.5310E-005
1729.268800,1.5720E-005
1729.547600,1.3800E-005
1729.826400,1.5480E-005
1730.105200,1.2950E-005
1730.384000,1.5870E-005
1730.662800,1.7190E-005
1730.941600,1.2030E-005
1731.220400,1.4600E-005
1731.499200,1.6880E-005
1731.778000,1.7440E-005
1732.056800,1.6770E-005
1732.335600,1.5790E-005
1732.614400,1.8210E-005
1732.893200,1.7100E-005
1733.172000,1.6110E-005
1733.450800,1.7700E-005
1733.729600,1.5710E-005
1734.008400,1.7080E-005
1734.287200,1.8430E-005
1734.566000,1.6690E-005
1734.844800,1.8620E-005
1735.123600,1.7330E-005
1735.402400,2.0030E-005
1735.681200,1.8710E-005
1735.960000,1.8270E-005
1736.238800,1.8170E-005
1736.517600,1.8210E-005
1736.796400,1.7530E-005
1737.075200,1.7640E-005
1737.354000,1.8540E-005
1737.632800,1.8890E-005
1737.911600,2.2040E-005
1738.190400,1.8930E-005
1738.469200,1.7500E-005
1738.748000,2.3610E-005
1739.026800,2.1950E-005
1739.305600,2.1920E-005
1739.584400,2.1300E-005
1739.863200,2.0140E-005
1740.142000,1.8730E-005
1740.420800,1.9850E-005
1740.699600,2.2470E-005
1740.978400,2.3680E-005
1741.257200,2.1880E-005
1741.536000,2.2270E-005
1741.814800,2.3490E-005
1742.093600,1.9290E-005
1742.372400,2.1310E-005
1742.651200,2.2430E-005
1742.930000,2.2880E-005
1743.208800,2.3400E-005
1743.487600,2.3290E-005
1743.766400,2.5580E-005
1744.045200,2.1650E-005
1744.324000,2.3930E-005
1744.602800,2.3030E-005
1744.881600,2.2290E-005
1745.160400,2.2440E-005
1745.439200,2.3320E-005
1745.718000,2.4130E-005
1745.996800,2.3790E-005
1746.275600,2.5260E-005
1746.554400,2.3160E-005
1746.833200,2.6880E-005
1747.112000,2.2980E-005
1747.390800,2.4790E-005
1747.669600,2.4380E-005
1747.948400,2.4260E-005
1748.227200,2.2200E-005
1748.506000,2.3350E-005
1748.784800,2.4190E-005
1749.063600,2.1820E-005
1749.342400,2.5040E-005
1749.621200,2.0230E-005
1749.900000,2.4600E-005
