File,MUESTRA_0_5_32.csv,
Date/Time,23-02-16/17:53,

Center Wavelength,1471.1,nm
Span Wavelength,557.6,nm
Start Wavelength,1192.3,nm
Stop Wavelength,1749.9,nm
Value In Air/Vacuum,Vacuum,
Optical Attenuater,Off,
Resolution,0.5,nm
Actual Resolution,0.494,nm
VBW,2000,Hz
Point Average,Off,
Sweep Average,1,
Smooth,Off,
Sampling Points,2001,pt
Trace Type,Write,
Trace Storage Mode,Off,
Trace Calculate Trace 1,-,
Trace Calculate Trace 2,-,
Dynamic Range,Normal,
Ext-Trigger,Off,
Interval Time,Off,
MM Mode,Off,

Trace,A
Start,1192.3,nm
Stop,1749.9,nm
1192.300000,8.2940E-007
1192.578800,9.1150E-007
1192.857600,8.2910E-007
1193.136400,8.2420E-007
1193.415200,8.3720E-007
1193.694000,7.9990E-007
1193.972800,8.7660E-007
1194.251600,7.9980E-007
1194.530400,8.4680E-007
1194.809200,8.1720E-007
1195.088000,8.2180E-007
1195.366800,8.1510E-007
1195.645600,8.4250E-007
1195.924400,8.3970E-007
1196.203200,8.0750E-007
1196.482000,8.2310E-007
1196.760800,8.1170E-007
1197.039600,8.4460E-007
1197.318400,8.1430E-007
1197.597200,8.2050E-007
1197.876000,7.9540E-007
1198.154800,8.4480E-007
1198.433600,8.5170E-007
1198.712400,8.1380E-007
1198.991200,7.9280E-007
1199.270000,8.5250E-007
1199.548800,8.6090E-007
1199.827600,7.9380E-007
1200.106400,8.4210E-007
1200.385200,8.7290E-007
1200.664000,8.4580E-007
1200.942800,8.4790E-007
1201.221600,8.6960E-007
1201.500400,8.3340E-007
1201.779200,7.8700E-007
1202.058000,8.0820E-007
1202.336800,8.1650E-007
1202.615600,8.0250E-007
1202.894400,8.5810E-007
1203.173200,8.0180E-007
1203.452000,8.4100E-007
1203.730800,8.2250E-007
1204.009600,8.5920E-007
1204.288400,8.1420E-007
1204.567200,7.7140E-007
1204.846000,8.3230E-007
1205.124800,8.1420E-007
1205.403600,8.2680E-007
1205.682400,7.9880E-007
1205.961200,7.9020E-007
1206.240000,8.3840E-007
1206.518800,7.9770E-007
1206.797600,8.0850E-007
1207.076400,8.5190E-007
1207.355200,8.3900E-007
1207.634000,8.3050E-007
1207.912800,8.3480E-007
1208.191600,8.2050E-007
1208.470400,8.0450E-007
1208.749200,8.2560E-007
1209.028000,7.9860E-007
1209.306800,8.3360E-007
1209.585600,8.2170E-007
1209.864400,8.1200E-007
1210.143200,8.0810E-007
1210.422000,8.3660E-007
1210.700800,8.2460E-007
1210.979600,8.0740E-007
1211.258400,8.3740E-007
1211.537200,7.5640E-007
1211.816000,7.9050E-007
1212.094800,8.0100E-007
1212.373600,8.0690E-007
1212.652400,8.1350E-007
1212.931200,8.3560E-007
1213.210000,8.0720E-007
1213.488800,7.9970E-007
1213.767600,8.1200E-007
1214.046400,8.1670E-007
1214.325200,7.9290E-007
1214.604000,7.8550E-007
1214.882800,8.2450E-007
1215.161600,8.1590E-007
1215.440400,8.0590E-007
1215.719200,8.3600E-007
1215.998000,7.8120E-007
1216.276800,7.8850E-007
1216.555600,7.5810E-007
1216.834400,7.7250E-007
1217.113200,8.0570E-007
1217.392000,7.8440E-007
1217.670800,8.2800E-007
1217.949600,7.9270E-007
1218.228400,7.9590E-007
1218.507200,8.0750E-007
1218.786000,7.9860E-007
1219.064800,8.1180E-007
1219.343600,7.5800E-007
1219.622400,7.4880E-007
1219.901200,7.6540E-007
1220.180000,7.6930E-007
1220.458800,7.9780E-007
1220.737600,8.2060E-007
1221.016400,8.0800E-007
1221.295200,7.9690E-007
1221.574000,7.6870E-007
1221.852800,8.0280E-007
1222.131600,7.9100E-007
1222.410400,8.4020E-007
1222.689200,7.4690E-007
1222.968000,7.8930E-007
1223.246800,7.8910E-007
1223.525600,8.2320E-007
1223.804400,7.7220E-007
1224.083200,7.8030E-007
1224.362000,7.6850E-007
1224.640800,7.6660E-007
1224.919600,7.8330E-007
1225.198400,7.8110E-007
1225.477200,7.4720E-007
1225.756000,8.2760E-007
1226.034800,7.5080E-007
1226.313600,7.9910E-007
1226.592400,7.5830E-007
1226.871200,7.8840E-007
1227.150000,8.0570E-007
1227.428800,8.0040E-007
1227.707600,7.7320E-007
1227.986400,7.8060E-007
1228.265200,7.7340E-007
1228.544000,7.6430E-007
1228.822800,8.1500E-007
1229.101600,8.3100E-007
1229.380400,7.8460E-007
1229.659200,7.1910E-007
1229.938000,7.6520E-007
1230.216800,7.5430E-007
1230.495600,7.9470E-007
1230.774400,7.8750E-007
1231.053200,7.3930E-007
1231.332000,7.8380E-007
1231.610800,7.6910E-007
1231.889600,7.8910E-007
1232.168400,7.7690E-007
1232.447200,7.5580E-007
1232.726000,7.8420E-007
1233.004800,7.4920E-007
1233.283600,7.9420E-007
1233.562400,7.8130E-007
1233.841200,8.0750E-007
1234.120000,7.5460E-007
1234.398800,7.4170E-007
1234.677600,7.6920E-007
1234.956400,7.7500E-007
1235.235200,7.8960E-007
1235.514000,7.7970E-007
1235.792800,7.9810E-007
1236.071600,7.4780E-007
1236.350400,8.1480E-007
1236.629200,7.9460E-007
1236.908000,7.2610E-007
1237.186800,7.5200E-007
1237.465600,7.4890E-007
1237.744400,7.7860E-007
1238.023200,7.9010E-007
1238.302000,7.8040E-007
1238.580800,7.2860E-007
1238.859600,7.3930E-007
1239.138400,7.2440E-007
1239.417200,7.5050E-007
1239.696000,7.0900E-007
1239.974800,7.6230E-007
1240.253600,7.6890E-007
1240.532400,7.2200E-007
1240.811200,7.7580E-007
1241.090000,7.3340E-007
1241.368800,7.6750E-007
1241.647600,7.5760E-007
1241.926400,7.5320E-007
1242.205200,7.5390E-007
1242.484000,7.1260E-007
1242.762800,7.5770E-007
1243.041600,7.3740E-007
1243.320400,7.3460E-007
1243.599200,7.7240E-007
1243.878000,7.5890E-007
1244.156800,7.5360E-007
1244.435600,7.0930E-007
1244.714400,7.4390E-007
1244.993200,8.0780E-007
1245.272000,7.6070E-007
1245.550800,7.3840E-007
1245.829600,7.1610E-007
1246.108400,7.6210E-007
1246.387200,7.2970E-007
1246.666000,7.5300E-007
1246.944800,8.1510E-007
1247.223600,7.3420E-007
1247.502400,7.0880E-007
1247.781200,7.7740E-007
1248.060000,7.5030E-007
1248.338800,7.0200E-007
1248.617600,7.1730E-007
1248.896400,7.6440E-007
1249.175200,7.9420E-007
1249.454000,7.0040E-007
1249.732800,7.4220E-007
1250.011600,7.3120E-007
1250.290400,7.6270E-007
1250.569200,7.5820E-007
1250.848000,7.5920E-007
1251.126800,7.1290E-007
1251.405600,8.1050E-007
1251.684400,7.5120E-007
1251.963200,7.3220E-007
1252.242000,7.1470E-007
1252.520800,7.1710E-007
1252.799600,7.4280E-007
1253.078400,7.0140E-007
1253.357200,7.6400E-007
1253.636000,7.0160E-007
1253.914800,7.2410E-007
1254.193600,7.5060E-007
1254.472400,7.5200E-007
1254.751200,7.3860E-007
1255.030000,7.4060E-007
1255.308800,7.3120E-007
1255.587600,7.6100E-007
1255.866400,6.7910E-007
1256.145200,6.8850E-007
1256.424000,7.4990E-007
1256.702800,7.5660E-007
1256.981600,7.3450E-007
1257.260400,7.4110E-007
1257.539200,6.8660E-007
1257.818000,7.2880E-007
1258.096800,7.4400E-007
1258.375600,7.2930E-007
1258.654400,7.5210E-007
1258.933200,7.3980E-007
1259.212000,7.7150E-007
1259.490800,7.2710E-007
1259.769600,7.0390E-007
1260.048400,7.4260E-007
1260.327200,6.9410E-007
1260.606000,7.5410E-007
1260.884800,7.6280E-007
1261.163600,7.5640E-007
1261.442400,7.0140E-007
1261.721200,7.6060E-007
1262.000000,7.1120E-007
1262.278800,6.9950E-007
1262.557600,7.5390E-007
1262.836400,7.2690E-007
1263.115200,7.0810E-007
1263.394000,7.7800E-007
1263.672800,7.0630E-007
1263.951600,7.1900E-007
1264.230400,7.4190E-007
1264.509200,7.7260E-007
1264.788000,7.3390E-007
1265.066800,7.3070E-007
1265.345600,7.4140E-007
1265.624400,7.0760E-007
1265.903200,7.2840E-007
1266.182000,6.7600E-007
1266.460800,7.4410E-007
1266.739600,7.5200E-007
1267.018400,7.6270E-007
1267.297200,7.2930E-007
1267.576000,7.3120E-007
1267.854800,7.0750E-007
1268.133600,7.2320E-007
1268.412400,7.0410E-007
1268.691200,6.5480E-007
1268.970000,7.4490E-007
1269.248800,7.1590E-007
1269.527600,6.7950E-007
1269.806400,7.3350E-007
1270.085200,6.8630E-007
1270.364000,7.4880E-007
1270.642800,7.2800E-007
1270.921600,7.0360E-007
1271.200400,7.1980E-007
1271.479200,6.8830E-007
1271.758000,6.8440E-007
1272.036800,7.5870E-007
1272.315600,7.0490E-007
1272.594400,7.4040E-007
1272.873200,7.0710E-007
1273.152000,7.0740E-007
1273.430800,7.0520E-007
1273.709600,7.1370E-007
1273.988400,7.3320E-007
1274.267200,7.2390E-007
1274.546000,6.8120E-007
1274.824800,7.5580E-007
1275.103600,7.0250E-007
1275.382400,7.0870E-007
1275.661200,6.8660E-007
1275.940000,7.1930E-007
1276.218800,6.4470E-007
1276.497600,7.4780E-007
1276.776400,7.0630E-007
1277.055200,7.0110E-007
1277.334000,6.6210E-007
1277.612800,6.8040E-007
1277.891600,7.1120E-007
1278.170400,7.0450E-007
1278.449200,7.0270E-007
1278.728000,7.0410E-007
1279.006800,6.9010E-007
1279.285600,7.5070E-007
1279.564400,7.3190E-007
1279.843200,6.8910E-007
1280.122000,7.5700E-007
1280.400800,7.5450E-007
1280.679600,7.1530E-007
1280.958400,6.9000E-007
1281.237200,6.9340E-007
1281.516000,6.9370E-007
1281.794800,7.1720E-007
1282.073600,7.3290E-007
1282.352400,6.8200E-007
1282.631200,7.4200E-007
1282.910000,7.3080E-007
1283.188800,7.3610E-007
1283.467600,7.2480E-007
1283.746400,7.3260E-007
1284.025200,6.6990E-007
1284.304000,7.0470E-007
1284.582800,7.0080E-007
1284.861600,6.7440E-007
1285.140400,7.2040E-007
1285.419200,7.6160E-007
1285.698000,7.1980E-007
1285.976800,6.6420E-007
1286.255600,6.5810E-007
1286.534400,6.9750E-007
1286.813200,7.1280E-007
1287.092000,6.6920E-007
1287.370800,6.9660E-007
1287.649600,7.1890E-007
1287.928400,7.3200E-007
1288.207200,6.7470E-007
1288.486000,6.8670E-007
1288.764800,6.9130E-007
1289.043600,6.9950E-007
1289.322400,7.0580E-007
1289.601200,6.7610E-007
1289.880000,6.4960E-007
1290.158800,7.2450E-007
1290.437600,6.8990E-007
1290.716400,6.5770E-007
1290.995200,6.9570E-007
1291.274000,6.7130E-007
1291.552800,7.5880E-007
1291.831600,7.0570E-007
1292.110400,6.9000E-007
1292.389200,6.8980E-007
1292.668000,6.7300E-007
1292.946800,7.0960E-007
1293.225600,7.2110E-007
1293.504400,6.9860E-007
1293.783200,7.1000E-007
1294.062000,6.8160E-007
1294.340800,7.0160E-007
1294.619600,7.0430E-007
1294.898400,6.8640E-007
1295.177200,7.3840E-007
1295.456000,6.4660E-007
1295.734800,7.1030E-007
1296.013600,6.7010E-007
1296.292400,7.4630E-007
1296.571200,6.6860E-007
1296.850000,6.8290E-007
1297.128800,6.9010E-007
1297.407600,6.8260E-007
1297.686400,7.5150E-007
1297.965200,6.4360E-007
1298.244000,6.9160E-007
1298.522800,7.3870E-007
1298.801600,6.8030E-007
1299.080400,6.6620E-007
1299.359200,7.0470E-007
1299.638000,7.0790E-007
1299.916800,6.8180E-007
1300.195600,7.3240E-007
1300.474400,7.0120E-007
1300.753200,7.0780E-007
1301.032000,7.0060E-007
1301.310800,7.0360E-007
1301.589600,7.0160E-007
1301.868400,7.0130E-007
1302.147200,6.7750E-007
1302.426000,6.5210E-007
1302.704800,6.8040E-007
1302.983600,6.5400E-007
1303.262400,7.1950E-007
1303.541200,6.9520E-007
1303.820000,7.2340E-007
1304.098800,6.6550E-007
1304.377600,6.8290E-007
1304.656400,6.6860E-007
1304.935200,6.9750E-007
1305.214000,7.5620E-007
1305.492800,6.8610E-007
1305.771600,6.8890E-007
1306.050400,6.9190E-007
1306.329200,6.9720E-007
1306.608000,7.0910E-007
1306.886800,6.5220E-007
1307.165600,7.2170E-007
1307.444400,6.7540E-007
1307.723200,6.8650E-007
1308.002000,6.8900E-007
1308.280800,6.9910E-007
1308.559600,6.9320E-007
1308.838400,7.2670E-007
1309.117200,6.9660E-007
1309.396000,6.9900E-007
1309.674800,6.4530E-007
1309.953600,6.7690E-007
1310.232400,6.8460E-007
1310.511200,6.8100E-007
1310.790000,6.7900E-007
1311.068800,6.8710E-007
1311.347600,6.5770E-007
1311.626400,6.8020E-007
1311.905200,6.5810E-007
1312.184000,6.8510E-007
1312.462800,6.3730E-007
1312.741600,6.5510E-007
1313.020400,6.7580E-007
1313.299200,6.5520E-007
1313.578000,6.6220E-007
1313.856800,6.2140E-007
1314.135600,7.3050E-007
1314.414400,7.0390E-007
1314.693200,6.6100E-007
1314.972000,6.9590E-007
1315.250800,6.6950E-007
1315.529600,7.1470E-007
1315.808400,6.8400E-007
1316.087200,6.9110E-007
1316.366000,6.8350E-007
1316.644800,6.7740E-007
1316.923600,6.9840E-007
1317.202400,6.6700E-007
1317.481200,6.6750E-007
1317.760000,6.8780E-007
1318.038800,6.7910E-007
1318.317600,6.6030E-007
1318.596400,7.2510E-007
1318.875200,6.6470E-007
1319.154000,7.4250E-007
1319.432800,6.5550E-007
1319.711600,6.9940E-007
1319.990400,6.7740E-007
1320.269200,6.9180E-007
1320.548000,6.5510E-007
1320.826800,6.4070E-007
1321.105600,6.6880E-007
1321.384400,6.7450E-007
1321.663200,6.5660E-007
1321.942000,6.6270E-007
1322.220800,7.1010E-007
1322.499600,6.5320E-007
1322.778400,6.8960E-007
1323.057200,6.9700E-007
1323.336000,6.8690E-007
1323.614800,6.2360E-007
1323.893600,7.1000E-007
1324.172400,6.7190E-007
1324.451200,6.5950E-007
1324.730000,6.5940E-007
1325.008800,6.8100E-007
1325.287600,7.0390E-007
1325.566400,6.5550E-007
1325.845200,7.1190E-007
1326.124000,7.2550E-007
1326.402800,6.9090E-007
1326.681600,6.6150E-007
1326.960400,6.9030E-007
1327.239200,6.3000E-007
1327.518000,6.8260E-007
1327.796800,6.6380E-007
1328.075600,6.8090E-007
1328.354400,6.4660E-007
1328.633200,6.8860E-007
1328.912000,6.7520E-007
1329.190800,6.7540E-007
1329.469600,6.9490E-007
1329.748400,6.8990E-007
1330.027200,6.8320E-007
1330.306000,6.9070E-007
1330.584800,6.8480E-007
1330.863600,6.6500E-007
1331.142400,6.4950E-007
1331.421200,6.7280E-007
1331.700000,6.8970E-007
1331.978800,6.2330E-007
1332.257600,6.4460E-007
1332.536400,6.6770E-007
1332.815200,6.9220E-007
1333.094000,6.4350E-007
1333.372800,6.4420E-007
1333.651600,7.0310E-007
1333.930400,6.9160E-007
1334.209200,7.1440E-007
1334.488000,6.4340E-007
1334.766800,6.6120E-007
1335.045600,6.5910E-007
1335.324400,6.7980E-007
1335.603200,6.9010E-007
1335.882000,6.8620E-007
1336.160800,6.3710E-007
1336.439600,6.9730E-007
1336.718400,7.1130E-007
1336.997200,6.1860E-007
1337.276000,6.9110E-007
1337.554800,6.7160E-007
1337.833600,6.6250E-007
1338.112400,6.7110E-007
1338.391200,6.5530E-007
1338.670000,6.9300E-007
1338.948800,7.0760E-007
1339.227600,6.6420E-007
1339.506400,6.8200E-007
1339.785200,6.8540E-007
1340.064000,6.5910E-007
1340.342800,6.7220E-007
1340.621600,6.7270E-007
1340.900400,6.5770E-007
1341.179200,6.7300E-007
1341.458000,6.7700E-007
1341.736800,6.8210E-007
1342.015600,7.1680E-007
1342.294400,6.9200E-007
1342.573200,6.7620E-007
1342.852000,6.9680E-007
1343.130800,6.8920E-007
1343.409600,6.9630E-007
1343.688400,6.9240E-007
1343.967200,6.4890E-007
1344.246000,6.4270E-007
1344.524800,6.6270E-007
1344.803600,6.9840E-007
1345.082400,6.3310E-007
1345.361200,6.6550E-007
1345.640000,6.6160E-007
1345.918800,6.8830E-007
1346.197600,6.9790E-007
1346.476400,6.1150E-007
1346.755200,7.1280E-007
1347.034000,6.5100E-007
1347.312800,6.6540E-007
1347.591600,6.8640E-007
1347.870400,6.7540E-007
1348.149200,6.6560E-007
1348.428000,6.9550E-007
1348.706800,6.5660E-007
1348.985600,6.4490E-007
1349.264400,6.9840E-007
1349.543200,6.3620E-007
1349.822000,6.9060E-007
1350.100800,6.6000E-007
1350.379600,7.3110E-007
1350.658400,6.4500E-007
1350.937200,6.7230E-007
1351.216000,7.1740E-007
1351.494800,6.6100E-007
1351.773600,6.8040E-007
1352.052400,6.6500E-007
1352.331200,7.1630E-007
1352.610000,7.2450E-007
1352.888800,6.7110E-007
1353.167600,7.3030E-007
1353.446400,6.6330E-007
1353.725200,7.0320E-007
1354.004000,6.1260E-007
1354.282800,6.9550E-007
1354.561600,7.0630E-007
1354.840400,6.9570E-007
1355.119200,6.4180E-007
1355.398000,6.8940E-007
1355.676800,6.7490E-007
1355.955600,6.6200E-007
1356.234400,7.1560E-007
1356.513200,6.6710E-007
1356.792000,6.1630E-007
1357.070800,7.0160E-007
1357.349600,7.1820E-007
1357.628400,7.3150E-007
1357.907200,7.1580E-007
1358.186000,7.0900E-007
1358.464800,7.1110E-007
1358.743600,6.6050E-007
1359.022400,6.9280E-007
1359.301200,6.9540E-007
1359.580000,7.3290E-007
1359.858800,7.1940E-007
1360.137600,7.0030E-007
1360.416400,6.8970E-007
1360.695200,7.4570E-007
1360.974000,6.6940E-007
1361.252800,7.1740E-007
1361.531600,7.0490E-007
1361.810400,6.3840E-007
1362.089200,6.8020E-007
1362.368000,6.7110E-007
1362.646800,6.7910E-007
1362.925600,6.5620E-007
1363.204400,6.5180E-007
1363.483200,6.7550E-007
1363.762000,6.7420E-007
1364.040800,7.0520E-007
1364.319600,6.8860E-007
1364.598400,6.5910E-007
1364.877200,6.4480E-007
1365.156000,6.1120E-007
1365.434800,6.7490E-007
1365.713600,6.3870E-007
1365.992400,6.5100E-007
1366.271200,6.4550E-007
1366.550000,6.8020E-007
1366.828800,6.6620E-007
1367.107600,6.3300E-007
1367.386400,6.3410E-007
1367.665200,6.9450E-007
1367.944000,7.1190E-007
1368.222800,7.0300E-007
1368.501600,7.1800E-007
1368.780400,6.6550E-007
1369.059200,6.9360E-007
1369.338000,7.1330E-007
1369.616800,7.2710E-007
1369.895600,6.9650E-007
1370.174400,7.0450E-007
1370.453200,6.9070E-007
1370.732000,6.6390E-007
1371.010800,6.8180E-007
1371.289600,6.6110E-007
1371.568400,6.9280E-007
1371.847200,7.0630E-007
1372.126000,6.8370E-007
1372.404800,6.7300E-007
1372.683600,6.8050E-007
1372.962400,7.2950E-007
1373.241200,6.8850E-007
1373.520000,6.3890E-007
1373.798800,6.2970E-007
1374.077600,6.2150E-007
1374.356400,6.7570E-007
1374.635200,6.9670E-007
1374.914000,6.4150E-007
1375.192800,6.7090E-007
1375.471600,6.9300E-007
1375.750400,6.4280E-007
1376.029200,6.4500E-007
1376.308000,6.6730E-007
1376.586800,6.5170E-007
1376.865600,6.3550E-007
1377.144400,6.7610E-007
1377.423200,6.2190E-007
1377.702000,7.0900E-007
1377.980800,6.6260E-007
1378.259600,6.6520E-007
1378.538400,7.0410E-007
1378.817200,6.4650E-007
1379.096000,6.7860E-007
1379.374800,6.9000E-007
1379.653600,6.9770E-007
1379.932400,6.4940E-007
1380.211200,6.2350E-007
1380.490000,6.6860E-007
1380.768800,6.3580E-007
1381.047600,6.9710E-007
1381.326400,6.8240E-007
1381.605200,6.7700E-007
1381.884000,6.5390E-007
1382.162800,7.0070E-007
1382.441600,6.9360E-007
1382.720400,6.6440E-007
1382.999200,6.4620E-007
1383.278000,6.7330E-007
1383.556800,6.4100E-007
1383.835600,7.1630E-007
1384.114400,7.0720E-007
1384.393200,6.6300E-007
1384.672000,6.5730E-007
1384.950800,7.1400E-007
1385.229600,6.4170E-007
1385.508400,6.9880E-007
1385.787200,6.3570E-007
1386.066000,6.9600E-007
1386.344800,6.7750E-007
1386.623600,7.0100E-007
1386.902400,6.9250E-007
1387.181200,6.7240E-007
1387.460000,6.8570E-007
1387.738800,7.0610E-007
1388.017600,6.6020E-007
1388.296400,7.2140E-007
1388.575200,6.4660E-007
1388.854000,6.9520E-007
1389.132800,6.7110E-007
1389.411600,6.5860E-007
1389.690400,6.6610E-007
1389.969200,6.8750E-007
1390.248000,6.8410E-007
1390.526800,6.5680E-007
1390.805600,6.8950E-007
1391.084400,6.1010E-007
1391.363200,6.7670E-007
1391.642000,6.9600E-007
1391.920800,7.3610E-007
1392.199600,6.7490E-007
1392.478400,6.6660E-007
1392.757200,6.6380E-007
1393.036000,6.6930E-007
1393.314800,6.8900E-007
1393.593600,6.7930E-007
1393.872400,6.8880E-007
1394.151200,7.1860E-007
1394.430000,6.9730E-007
1394.708800,6.5250E-007
1394.987600,7.0400E-007
1395.266400,7.2630E-007
1395.545200,7.0010E-007
1395.824000,7.6290E-007
1396.102800,6.8500E-007
1396.381600,7.2340E-007
1396.660400,7.0760E-007
1396.939200,7.2110E-007
1397.218000,6.8540E-007
1397.496800,6.8890E-007
1397.775600,7.2780E-007
1398.054400,7.2930E-007
1398.333200,7.7310E-007
1398.612000,7.5440E-007
1398.890800,6.9400E-007
1399.169600,6.9310E-007
1399.448400,7.3940E-007
1399.727200,7.3240E-007
1400.006000,6.4050E-007
1400.284800,7.5820E-007
1400.563600,7.2140E-007
1400.842400,7.4900E-007
1401.121200,7.1360E-007
1401.400000,7.1310E-007
1401.678800,7.9810E-007
1401.957600,7.3760E-007
1402.236400,7.4800E-007
1402.515200,7.1660E-007
1402.794000,7.3750E-007
1403.072800,7.3330E-007
1403.351600,7.6790E-007
1403.630400,7.3410E-007
1403.909200,7.1620E-007
1404.188000,7.4360E-007
1404.466800,7.1840E-007
1404.745600,7.4620E-007
1405.024400,7.4990E-007
1405.303200,7.5400E-007
1405.582000,7.4260E-007
1405.860800,7.6720E-007
1406.139600,7.8000E-007
1406.418400,7.5460E-007
1406.697200,7.9190E-007
1406.976000,7.7410E-007
1407.254800,7.7800E-007
1407.533600,7.5630E-007
1407.812400,7.6990E-007
1408.091200,7.4520E-007
1408.370000,8.0600E-007
1408.648800,7.6480E-007
1408.927600,7.2280E-007
1409.206400,7.0660E-007
1409.485200,7.4890E-007
1409.764000,7.4120E-007
1410.042800,7.7420E-007
1410.321600,7.1430E-007
1410.600400,7.8320E-007
1410.879200,7.6370E-007
1411.158000,7.6480E-007
1411.436800,7.4050E-007
1411.715600,7.4890E-007
1411.994400,7.6450E-007
1412.273200,7.7020E-007
1412.552000,7.7950E-007
1412.830800,7.3580E-007
1413.109600,7.5690E-007
1413.388400,7.8010E-007
1413.667200,7.5080E-007
1413.946000,8.2900E-007
1414.224800,7.8510E-007
1414.503600,7.6970E-007
1414.782400,7.4340E-007
1415.061200,7.6330E-007
1415.340000,7.8220E-007
1415.618800,7.7840E-007
1415.897600,7.3420E-007
1416.176400,7.5270E-007
1416.455200,7.8920E-007
1416.734000,7.5400E-007
1417.012800,8.2270E-007
1417.291600,7.7130E-007
1417.570400,7.8720E-007
1417.849200,6.9190E-007
1418.128000,7.8200E-007
1418.406800,7.5710E-007
1418.685600,7.9510E-007
1418.964400,7.3030E-007
1419.243200,8.3550E-007
1419.522000,8.1440E-007
1419.800800,7.8140E-007
1420.079600,7.4110E-007
1420.358400,7.8650E-007
1420.637200,7.7590E-007
1420.916000,8.1390E-007
1421.194800,8.5750E-007
1421.473600,7.8610E-007
1421.752400,8.0390E-007
1422.031200,8.3140E-007
1422.310000,8.4320E-007
1422.588800,7.8460E-007
1422.867600,8.5450E-007
1423.146400,8.1830E-007
1423.425200,8.2020E-007
1423.704000,8.1400E-007
1423.982800,8.3370E-007
1424.261600,8.4600E-007
1424.540400,8.0300E-007
1424.819200,8.7290E-007
1425.098000,8.6080E-007
1425.376800,8.1670E-007
1425.655600,8.5810E-007
1425.934400,8.6000E-007
1426.213200,8.7600E-007
1426.492000,8.7460E-007
1426.770800,8.6210E-007
1427.049600,8.9350E-007
1427.328400,8.3510E-007
1427.607200,8.5710E-007
1427.886000,8.9060E-007
1428.164800,8.7980E-007
1428.443600,8.7590E-007
1428.722400,8.9890E-007
1429.001200,8.9900E-007
1429.280000,8.7700E-007
1429.558800,8.9950E-007
1429.837600,8.7440E-007
1430.116400,8.7550E-007
1430.395200,8.9150E-007
1430.674000,8.9150E-007
1430.952800,9.5040E-007
1431.231600,9.3900E-007
1431.510400,9.0590E-007
1431.789200,9.6250E-007
1432.068000,9.0410E-007
1432.346800,9.4120E-007
1432.625600,9.3430E-007
1432.904400,9.5480E-007
1433.183200,9.2940E-007
1433.462000,9.4910E-007
1433.740800,9.3380E-007
1434.019600,9.3050E-007
1434.298400,9.1600E-007
1434.577200,9.4320E-007
1434.856000,1.0070E-006
1435.134800,9.2810E-007
1435.413600,1.0000E-006
1435.692400,1.0470E-006
1435.971200,1.0030E-006
1436.250000,9.6520E-007
1436.528800,9.7100E-007
1436.807600,1.0010E-006
1437.086400,1.0410E-006
1437.365200,9.8650E-007
1437.644000,9.9980E-007
1437.922800,9.8900E-007
1438.201600,1.0410E-006
1438.480400,1.0240E-006
1438.759200,1.0720E-006
1439.038000,1.0470E-006
1439.316800,1.0640E-006
1439.595600,1.0730E-006
1439.874400,1.0210E-006
1440.153200,1.0930E-006
1440.432000,1.0800E-006
1440.710800,1.0250E-006
1440.989600,1.1100E-006
1441.268400,1.0960E-006
1441.547200,1.1210E-006
1441.826000,1.0630E-006
1442.104800,1.1080E-006
1442.383600,1.0820E-006
1442.662400,1.0830E-006
1442.941200,1.0820E-006
1443.220000,1.0700E-006
1443.498800,1.1750E-006
1443.777600,1.1070E-006
1444.056400,1.1420E-006
1444.335200,1.1670E-006
1444.614000,1.1500E-006
1444.892800,1.1440E-006
1445.171600,1.1550E-006
1445.450400,1.1280E-006
1445.729200,1.1560E-006
1446.008000,1.1540E-006
1446.286800,1.1930E-006
1446.565600,1.2200E-006
1446.844400,1.2010E-006
1447.123200,1.2320E-006
1447.402000,1.1710E-006
1447.680800,1.2390E-006
1447.959600,1.2000E-006
1448.238400,1.2040E-006
1448.517200,1.1860E-006
1448.796000,1.2500E-006
1449.074800,1.2230E-006
1449.353600,1.2510E-006
1449.632400,1.2560E-006
1449.911200,1.2760E-006
1450.190000,1.2180E-006
1450.468800,1.2060E-006
1450.747600,1.2960E-006
1451.026400,1.2780E-006
1451.305200,1.3230E-006
1451.584000,1.3050E-006
1451.862800,1.2910E-006
1452.141600,1.3180E-006
1452.420400,1.3870E-006
1452.699200,1.3380E-006
1452.978000,1.2990E-006
1453.256800,1.3140E-006
1453.535600,1.3770E-006
1453.814400,1.3610E-006
1454.093200,1.3520E-006
1454.372000,1.3970E-006
1454.650800,1.4160E-006
1454.929600,1.3280E-006
1455.208400,1.4290E-006
1455.487200,1.3610E-006
1455.766000,1.4340E-006
1456.044800,1.4660E-006
1456.323600,1.4590E-006
1456.602400,1.4590E-006
1456.881200,1.4330E-006
1457.160000,1.4440E-006
1457.438800,1.4700E-006
1457.717600,1.4540E-006
1457.996400,1.4860E-006
1458.275200,1.4930E-006
1458.554000,1.5160E-006
1458.832800,1.5520E-006
1459.111600,1.5550E-006
1459.390400,1.5380E-006
1459.669200,1.5750E-006
1459.948000,1.5260E-006
1460.226800,1.6240E-006
1460.505600,1.5560E-006
1460.784400,1.6010E-006
1461.063200,1.5840E-006
1461.342000,1.5970E-006
1461.620800,1.5790E-006
1461.899600,1.6040E-006
1462.178400,1.6010E-006
1462.457200,1.6080E-006
1462.736000,1.6060E-006
1463.014800,1.6010E-006
1463.293600,1.6580E-006
1463.572400,1.6600E-006
1463.851200,1.6680E-006
1464.130000,1.6530E-006
1464.408800,1.6690E-006
1464.687600,1.6850E-006
1464.966400,1.6990E-006
1465.245200,1.7200E-006
1465.524000,1.7020E-006
1465.802800,1.7130E-006
1466.081600,1.7530E-006
1466.360400,1.7230E-006
1466.639200,1.7170E-006
1466.918000,1.7850E-006
1467.196800,1.8010E-006
1467.475600,1.7780E-006
1467.754400,1.7930E-006
1468.033200,1.7800E-006
1468.312000,1.7770E-006
1468.590800,1.8120E-006
1468.869600,1.8090E-006
1469.148400,1.8080E-006
1469.427200,1.8730E-006
1469.706000,1.8440E-006
1469.984800,1.8490E-006
1470.263600,1.8860E-006
1470.542400,1.8900E-006
1470.821200,1.8390E-006
1471.100000,1.8530E-006
1471.378800,1.8790E-006
1471.657600,1.8720E-006
1471.936400,1.9100E-006
1472.215200,1.9150E-006
1472.494000,1.9120E-006
1472.772800,1.9420E-006
1473.051600,1.9340E-006
1473.330400,1.9120E-006
1473.609200,1.9760E-006
1473.888000,1.9900E-006
1474.166800,1.9790E-006
1474.445600,1.9770E-006
1474.724400,1.9970E-006
1475.003200,2.0120E-006
1475.282000,2.0390E-006
1475.560800,2.0350E-006
1475.839600,2.1050E-006
1476.118400,2.0950E-006
1476.397200,2.0690E-006
1476.676000,2.0970E-006
1476.954800,2.1610E-006
1477.233600,2.1160E-006
1477.512400,2.1210E-006
1477.791200,2.0970E-006
1478.070000,2.1290E-006
1478.348800,2.1480E-006
1478.627600,2.1500E-006
1478.906400,2.1460E-006
1479.185200,2.1790E-006
1479.464000,2.2040E-006
1479.742800,2.2300E-006
1480.021600,2.2240E-006
1480.300400,2.2080E-006
1480.579200,2.2770E-006
1480.858000,2.2960E-006
1481.136800,2.3180E-006
1481.415600,2.2880E-006
1481.694400,2.3670E-006
1481.973200,2.3600E-006
1482.252000,2.3990E-006
1482.530800,2.4240E-006
1482.809600,2.4360E-006
1483.088400,2.4220E-006
1483.367200,2.4870E-006
1483.646000,2.4770E-006
1483.924800,2.4550E-006
1484.203600,2.5140E-006
1484.482400,2.5320E-006
1484.761200,2.5080E-006
1485.040000,2.5770E-006
1485.318800,2.5670E-006
1485.597600,2.5760E-006
1485.876400,2.6000E-006
1486.155200,2.6060E-006
1486.434000,2.6310E-006
1486.712800,2.6070E-006
1486.991600,2.6220E-006
1487.270400,2.7040E-006
1487.549200,2.6950E-006
1487.828000,2.7740E-006
1488.106800,2.7630E-006
1488.385600,2.7460E-006
1488.664400,2.8700E-006
1488.943200,2.8770E-006
1489.222000,2.9090E-006
1489.500800,2.8570E-006
1489.779600,2.8750E-006
1490.058400,2.9360E-006
1490.337200,2.9790E-006
1490.616000,3.0640E-006
1490.894800,2.9900E-006
1491.173600,3.0730E-006
1491.452400,3.0710E-006
1491.731200,3.0850E-006
1492.010000,3.1160E-006
1492.288800,3.1160E-006
1492.567600,3.1720E-006
1492.846400,3.1880E-006
1493.125200,3.2150E-006
1493.404000,3.2890E-006
1493.682800,3.3620E-006
1493.961600,3.4110E-006
1494.240400,3.4530E-006
1494.519200,3.4880E-006
1494.798000,3.5420E-006
1495.076800,3.5780E-006
1495.355600,3.5640E-006
1495.634400,3.6110E-006
1495.913200,3.6780E-006
1496.192000,3.6500E-006
1496.470800,3.7470E-006
1496.749600,3.7500E-006
1497.028400,3.8400E-006
1497.307200,3.8730E-006
1497.586000,3.9790E-006
1497.864800,4.0620E-006
1498.143600,4.1320E-006
1498.422400,4.1290E-006
1498.701200,4.2450E-006
1498.980000,4.2400E-006
1499.258800,4.3520E-006
1499.537600,4.3420E-006
1499.816400,4.4260E-006
1500.095200,4.4270E-006
1500.374000,4.4520E-006
1500.652800,4.5020E-006
1500.931600,4.4860E-006
1501.210400,4.5880E-006
1501.489200,4.7510E-006
1501.768000,4.8260E-006
1502.046800,4.9020E-006
1502.325600,5.1140E-006
1502.604400,5.4830E-006
1502.883200,5.7430E-006
1503.162000,5.8390E-006
1503.440800,5.7710E-006
1503.719600,5.7800E-006
1503.998400,5.8300E-006
1504.277200,5.8760E-006
1504.556000,5.8140E-006
1504.834800,5.7750E-006
1505.113600,5.8220E-006
1505.392400,5.8150E-006
1505.671200,5.8120E-006
1505.950000,6.0830E-006
1506.228800,6.4840E-006
1506.507600,6.9260E-006
1506.786400,7.3320E-006
1507.065200,7.4190E-006
1507.344000,7.4960E-006
1507.622800,7.3950E-006
1507.901600,7.6440E-006
1508.180400,8.1660E-006
1508.459200,8.4140E-006
1508.738000,8.1520E-006
1509.016800,7.8840E-006
1509.295600,8.1850E-006
1509.574400,8.5810E-006
1509.853200,9.1810E-006
1510.132000,9.3500E-006
1510.410800,9.6460E-006
1510.689600,1.0520E-005
1510.968400,1.1900E-005
1511.247200,1.2710E-005
1511.526000,1.2370E-005
1511.804800,1.2100E-005
1512.083600,1.2420E-005
1512.362400,1.3240E-005
1512.641200,1.3650E-005
1512.920000,1.4740E-005
1513.198800,1.6840E-005
1513.477600,1.7710E-005
1513.756400,1.7300E-005
1514.035200,1.6420E-005
1514.314000,1.7150E-005
1514.592800,1.9770E-005
1514.871600,2.1320E-005
1515.150400,2.2340E-005
1515.429200,2.3870E-005
1515.708000,2.5830E-005
1515.986800,2.7240E-005
1516.265600,2.9800E-005
1516.544400,3.4040E-005
1516.823200,3.9430E-005
1517.102000,3.9390E-005
1517.380800,3.7760E-005
1517.659600,4.0960E-005
1517.938400,4.1510E-005
1518.217200,4.2540E-005
1518.496000,4.5220E-005
1518.774800,4.5810E-005
1519.053600,5.0530E-005
1519.332400,5.3800E-005
1519.611200,5.4720E-005
1519.890000,6.0010E-005
1520.168800,6.0180E-005
1520.447600,6.4080E-005
1520.726400,6.8780E-005
1521.005200,6.8520E-005
1521.284000,7.5280E-005
1521.562800,8.4580E-005
1521.841600,9.4650E-005
1522.120400,9.8120E-005
1522.399200,9.9190E-005
1522.678000,1.1040E-004
1522.956800,1.3190E-004
1523.235600,1.5730E-004
1523.514400,1.9000E-004
1523.793200,2.2490E-004
1524.072000,2.6910E-004
1524.350800,3.0910E-004
1524.629600,3.4740E-004
1524.908400,4.0200E-004
1525.187200,4.7510E-004
1525.466000,5.7750E-004
1525.744800,6.9340E-004
1526.023600,8.3170E-004
1526.302400,1.0300E-003
1526.581200,1.2550E-003
1526.860000,1.4480E-003
1527.138800,1.6450E-003
1527.417600,1.9670E-003
1527.696400,2.2980E-003
1527.975200,2.4580E-003
1528.254000,2.6680E-003
1528.532800,2.9790E-003
1528.811600,3.2660E-003
1529.090400,3.4200E-003
1529.369200,3.5490E-003
1529.648000,3.7420E-003
1529.926800,4.0850E-003
1530.205600,4.3630E-003
1530.484400,4.3240E-003
1530.763200,4.2350E-003
1531.042000,4.2740E-003
1531.320800,4.2050E-003
1531.599600,4.0730E-003
1531.878400,3.9710E-003
1532.157200,3.8880E-003
1532.436000,3.8530E-003
1532.714800,3.8430E-003
1532.993600,3.6960E-003
1533.272400,3.4600E-003
1533.551200,3.4350E-003
1533.830000,3.3820E-003
1534.108800,3.2970E-003
1534.387600,4.2710E-003
1534.666400,1.0660E-002
1534.945200,1.5160E-002
1535.224000,1.2770E-002
1535.502800,1.0860E-002
1535.781600,9.8880E-003
1536.060400,7.7300E-003
1536.339200,5.5940E-003
1536.618000,4.9940E-003
1536.896800,4.9070E-003
1537.175600,4.3780E-003
1537.454400,4.3970E-003
1537.733200,4.6400E-003
1538.012000,4.3020E-003
1538.290800,4.2290E-003
1538.569600,4.8130E-003
1538.848400,6.5800E-003
1539.127200,7.0290E-003
1539.406000,7.6350E-003
1539.684800,1.0030E-002
1539.963600,1.1710E-002
1540.242400,1.0810E-002
1540.521200,8.4390E-003
1540.800000,9.1700E-003
1541.078800,1.4110E-002
1541.357600,1.9480E-002
1541.636400,1.9680E-002
1541.915200,1.4580E-002
1542.194000,1.0320E-002
1542.472800,1.1690E-002
1542.751600,1.5870E-002
1543.030400,1.7970E-002
1543.309200,1.8870E-002
1543.588000,2.3890E-002
1543.866800,3.2700E-002
1544.145600,3.6680E-002
1544.424400,4.5910E-002
1544.703200,8.0030E-002
1544.982000,1.4050E-001
1545.260800,1.5990E-001
1545.539600,1.1530E-001
1545.818400,9.0250E-002
1546.097200,9.5870E-002
1546.376000,9.4730E-002
1546.654800,7.6980E-002
1546.933600,5.9670E-002
1547.212400,5.8610E-002
1547.491200,5.9890E-002
1547.770000,5.8210E-002
1548.048800,5.4530E-002
1548.327600,5.0100E-002
1548.606400,4.8460E-002
1548.885200,5.2480E-002
1549.164000,5.5720E-002
1549.442800,5.4880E-002
1549.721600,5.3530E-002
1550.000400,4.9960E-002
1550.279200,4.3840E-002
1550.558000,3.9920E-002
1550.836800,4.1670E-002
1551.115600,4.4170E-002
1551.394400,4.5270E-002
1551.673200,4.3330E-002
1551.952000,4.4190E-002
1552.230800,4.4750E-002
1552.509600,5.0540E-002
1552.788400,6.4520E-002
1553.067200,1.0150E-001
1553.346000,9.2120E-002
1553.624800,8.8030E-002
1553.903600,1.2270E-001
1554.182400,1.2430E-001
1554.461200,8.2870E-002
1554.740000,5.2880E-002
1555.018800,5.3250E-002
1555.297600,6.5380E-002
1555.576400,6.5450E-002
1555.855200,5.3370E-002
1556.134000,4.8520E-002
1556.412800,4.8980E-002
1556.691600,5.0950E-002
1556.970400,5.2010E-002
1557.249200,5.2920E-002
1557.528000,5.1200E-002
1557.806800,4.8580E-002
1558.085600,5.4320E-002
1558.364400,7.1650E-002
1558.643200,9.1800E-002
1558.922000,1.0710E-001
1559.200800,1.1130E-001
1559.479600,1.0930E-001
1559.758400,1.1020E-001
1560.037200,1.1720E-001
1560.316000,1.3360E-001
1560.594800,1.4630E-001
1560.873600,1.4980E-001
1561.152400,1.3690E-001
1561.431200,1.1690E-001
1561.710000,9.8440E-002
1561.988800,8.5060E-002
1562.267600,7.5980E-002
1562.546400,7.3520E-002
1562.825200,7.7300E-002
1563.104000,7.9190E-002
1563.382800,7.7280E-002
1563.661600,7.1990E-002
1563.940400,6.2770E-002
1564.219200,5.5120E-002
1564.498000,4.9040E-002
1564.776800,4.8160E-002
1565.055600,5.2710E-002
1565.334400,5.8680E-002
1565.613200,6.0580E-002
1565.892000,5.6630E-002
1566.170800,5.0070E-002
1566.449600,4.1910E-002
1566.728400,3.6640E-002
1567.007200,3.4630E-002
1567.286000,3.5730E-002
1567.564800,3.7300E-002
1567.843600,3.9790E-002
1568.122400,4.5520E-002
1568.401200,5.0670E-002
1568.680000,5.4080E-002
1568.958800,5.4960E-002
1569.237600,5.2520E-002
1569.516400,4.9150E-002
1569.795200,4.9380E-002
1570.074000,5.0040E-002
1570.352800,5.2200E-002
1570.631600,5.2470E-002
1570.910400,4.9560E-002
1571.189200,4.5350E-002
1571.468000,4.1590E-002
1571.746800,4.0840E-002
1572.025600,3.9120E-002
1572.304400,3.7080E-002
1572.583200,3.4080E-002
1572.862000,3.1380E-002
1573.140800,3.1170E-002
1573.419600,3.2780E-002
1573.698400,3.4410E-002
1573.977200,3.5030E-002
1574.256000,3.4060E-002
1574.534800,3.3520E-002
1574.813600,3.4080E-002
1575.092400,3.5100E-002
1575.371200,3.7910E-002
1575.650000,3.5490E-002
1575.928800,3.2290E-002
1576.207600,3.0240E-002
1576.486400,3.0590E-002
1576.765200,3.0510E-002
1577.044000,2.7620E-002
1577.322800,2.4300E-002
1577.601600,2.1950E-002
1577.880400,1.8990E-002
1578.159200,1.6240E-002
1578.438000,1.4580E-002
1578.716800,1.2780E-002
1578.995600,1.1440E-002
1579.274400,1.0660E-002
1579.553200,9.8010E-003
1579.832000,1.0130E-002
1580.110800,1.0840E-002
1580.389600,1.1110E-002
1580.668400,1.1470E-002
1580.947200,1.1700E-002
1581.226000,1.1320E-002
1581.504800,1.0730E-002
1581.783600,1.0870E-002
1582.062400,1.0220E-002
1582.341200,9.7180E-003
1582.620000,9.1110E-003
1582.898800,8.5020E-003
1583.177600,7.2110E-003
1583.456400,6.1540E-003
1583.735200,5.5280E-003
1584.014000,5.5750E-003
1584.292800,5.9100E-003
1584.571600,6.9950E-003
1584.850400,7.6970E-003
1585.129200,8.5930E-003
1585.408000,8.9650E-003
1585.686800,8.4400E-003
1585.965600,7.4850E-003
1586.244400,5.9320E-003
1586.523200,4.1430E-003
1586.802000,2.6600E-003
1587.080800,1.6520E-003
1587.359600,1.4930E-003
1587.638400,2.0570E-003
1587.917200,2.8770E-003
1588.196000,3.3170E-003
1588.474800,3.0430E-003
1588.753600,2.2370E-003
1589.032400,1.4760E-003
1589.311200,1.0010E-003
1589.590000,1.0040E-003
1589.868800,1.3170E-003
1590.147600,1.7090E-003
1590.426400,1.8020E-003
1590.705200,1.6290E-003
1590.984000,1.2680E-003
1591.262800,9.4050E-004
1591.541600,6.6460E-004
1591.820400,5.3940E-004
1592.099200,5.5380E-004
1592.378000,6.3960E-004
1592.656800,7.2390E-004
1592.935600,6.9590E-004
1593.214400,5.4490E-004
1593.493200,3.4340E-004
1593.772000,2.1350E-004
1594.050800,2.3260E-004
1594.329600,3.7310E-004
1594.608400,5.0560E-004
1594.887200,5.2390E-004
1595.166000,3.8280E-004
1595.444800,1.9520E-004
1595.723600,1.2240E-004
1596.002400,1.8120E-004
1596.281200,2.6710E-004
1596.560000,2.7330E-004
1596.838800,1.9540E-004
1597.117600,1.2300E-004
1597.396400,1.1260E-004
1597.675200,1.4230E-004
1597.954000,1.6150E-004
1598.232800,1.4620E-004
1598.511600,1.1760E-004
1598.790400,9.1070E-005
1599.069200,8.0290E-005
1599.348000,7.8490E-005
1599.626800,7.9580E-005
1599.905600,8.7770E-005
1600.184400,7.9580E-005
1600.463200,6.8330E-005
1600.742000,5.7650E-005
1601.020800,6.3540E-005
1601.299600,8.0030E-005
1601.578400,8.4710E-005
1601.857200,6.7960E-005
1602.136000,5.0500E-005
1602.414800,5.5980E-005
1602.693600,7.4450E-005
1602.972400,7.6040E-005
1603.251200,5.8100E-005
1603.530000,4.2850E-005
1603.808800,4.7940E-005
1604.087600,5.7150E-005
1604.366400,5.0310E-005
1604.645200,3.6340E-005
1604.924000,3.3420E-005
1605.202800,3.9630E-005
1605.481600,4.3110E-005
1605.760400,3.9100E-005
1606.039200,3.2930E-005
1606.318000,3.2390E-005
1606.596800,3.6890E-005
1606.875600,3.8220E-005
1607.154400,3.1070E-005
1607.433200,2.4590E-005
1607.712000,2.7460E-005
1607.990800,2.9480E-005
1608.269600,2.3720E-005
1608.548400,1.8300E-005
1608.827200,1.9100E-005
1609.106000,2.0040E-005
1609.384800,1.7020E-005
1609.663600,1.5430E-005
1609.942400,1.6790E-005
1610.221200,1.5900E-005
1610.500000,1.4310E-005
1610.778800,1.5100E-005
1611.057600,1.4740E-005
1611.336400,1.2840E-005
1611.615200,1.3820E-005
1611.894000,1.4120E-005
1612.172800,1.1730E-005
1612.451600,1.0880E-005
1612.730400,1.2330E-005
1613.009200,1.1420E-005
1613.288000,9.5240E-006
1613.566800,9.6220E-006
1613.845600,1.0740E-005
1614.124400,9.7920E-006
1614.403200,8.0450E-006
1614.682000,9.0120E-006
1614.960800,1.0150E-005
1615.239600,8.7650E-006
1615.518400,8.3400E-006
1615.797200,9.8670E-006
1616.076000,9.5810E-006
1616.354800,7.9730E-006
1616.633600,8.7970E-006
1616.912400,9.4850E-006
1617.191200,8.0430E-006
1617.470000,7.9800E-006
1617.748800,8.6340E-006
1618.027600,7.9560E-006
1618.306400,7.0370E-006
1618.585200,7.1750E-006
1618.864000,6.6580E-006
1619.142800,6.2880E-006
1619.421600,6.0490E-006
1619.700400,5.9810E-006
1619.979200,5.8050E-006
1620.258000,5.4660E-006
1620.536800,5.5270E-006
1620.815600,5.6110E-006
1621.094400,5.1350E-006
1621.373200,5.2570E-006
1621.652000,5.1590E-006
1621.930800,4.8460E-006
1622.209600,4.8860E-006
1622.488400,5.0950E-006
1622.767200,4.8600E-006
1623.046000,4.7530E-006
1623.324800,5.2010E-006
1623.603600,4.8250E-006
1623.882400,4.7430E-006
1624.161200,4.9480E-006
1624.440000,4.7080E-006
1624.718800,4.3670E-006
1624.997600,4.5910E-006
1625.276400,4.3010E-006
1625.555200,4.2710E-006
1625.834000,4.2290E-006
1626.112800,4.1380E-006
1626.391600,4.2300E-006
1626.670400,4.2030E-006
1626.949200,4.1280E-006
1627.228000,4.0980E-006
1627.506800,4.2320E-006
1627.785600,4.0840E-006
1628.064400,3.9110E-006
1628.343200,4.0280E-006
1628.622000,3.8780E-006
1628.900800,3.8340E-006
1629.179600,3.9310E-006
1629.458400,3.8130E-006
1629.737200,3.8940E-006
1630.016000,3.9220E-006
1630.294800,3.9020E-006
1630.573600,3.8770E-006
1630.852400,3.6980E-006
1631.131200,3.6430E-006
1631.410000,3.6310E-006
1631.688800,3.5650E-006
1631.967600,3.4940E-006
1632.246400,3.4860E-006
1632.525200,3.5010E-006
1632.804000,3.4840E-006
1633.082800,3.4650E-006
1633.361600,3.4910E-006
1633.640400,3.5530E-006
1633.919200,3.4890E-006
1634.198000,3.4070E-006
1634.476800,3.4380E-006
1634.755600,3.3860E-006
1635.034400,3.4090E-006
1635.313200,3.4460E-006
1635.592000,3.3930E-006
1635.870800,3.3640E-006
1636.149600,3.2630E-006
1636.428400,3.2300E-006
1636.707200,3.2590E-006
1636.986000,3.3130E-006
1637.264800,3.2880E-006
1637.543600,3.2990E-006
1637.822400,3.1570E-006
1638.101200,3.2290E-006
1638.380000,3.1370E-006
1638.658800,3.3020E-006
1638.937600,3.2730E-006
1639.216400,3.3140E-006
1639.495200,3.3030E-006
1639.774000,3.3630E-006
1640.052800,3.2980E-006
1640.331600,3.2930E-006
1640.610400,3.3280E-006
1640.889200,3.1870E-006
1641.168000,3.2010E-006
1641.446800,3.2020E-006
1641.725600,3.2550E-006
1642.004400,3.2230E-006
1642.283200,3.2230E-006
1642.562000,3.2780E-006
1642.840800,3.2820E-006
1643.119600,3.3410E-006
1643.398400,3.4120E-006
1643.677200,3.2380E-006
1643.956000,3.2210E-006
1644.234800,3.3280E-006
1644.513600,3.2310E-006
1644.792400,3.3500E-006
1645.071200,3.2150E-006
1645.350000,3.3160E-006
1645.628800,3.1780E-006
1645.907600,3.2900E-006
1646.186400,3.2280E-006
1646.465200,3.3660E-006
1646.744000,3.3170E-006
1647.022800,3.3680E-006
1647.301600,3.4570E-006
1647.580400,3.2400E-006
1647.859200,3.2250E-006
1648.138000,3.3810E-006
1648.416800,3.3690E-006
1648.695600,3.4370E-006
1648.974400,3.2490E-006
1649.253200,3.3820E-006
1649.532000,3.4370E-006
1649.810800,3.3390E-006
1650.089600,3.2990E-006
1650.368400,3.3960E-006
1650.647200,3.3410E-006
1650.926000,3.4220E-006
1651.204800,3.3420E-006
1651.483600,3.4840E-006
1651.762400,3.4360E-006
1652.041200,3.4620E-006
1652.320000,3.4260E-006
1652.598800,3.5640E-006
1652.877600,3.5130E-006
1653.156400,3.5480E-006
1653.435200,3.6730E-006
1653.714000,3.6070E-006
1653.992800,3.4860E-006
1654.271600,3.5890E-006
1654.550400,3.6540E-006
1654.829200,3.5820E-006
1655.108000,3.5460E-006
1655.386800,3.5890E-006
1655.665600,3.5720E-006
1655.944400,3.5630E-006
1656.223200,3.6560E-006
1656.502000,3.5720E-006
1656.780800,3.7640E-006
1657.059600,3.7810E-006
1657.338400,3.7790E-006
1657.617200,3.7170E-006
1657.896000,3.6230E-006
1658.174800,3.7400E-006
1658.453600,3.7960E-006
1658.732400,3.9030E-006
1659.011200,3.8270E-006
1659.290000,3.7830E-006
1659.568800,4.0560E-006
1659.847600,3.8260E-006
1660.126400,3.8330E-006
1660.405200,4.0180E-006
1660.684000,3.8150E-006
1660.962800,3.9760E-006
1661.241600,4.0510E-006
1661.520400,4.0790E-006
1661.799200,4.0360E-006
1662.078000,4.0600E-006
1662.356800,3.9880E-006
1662.635600,4.1060E-006
1662.914400,4.0800E-006
1663.193200,4.2070E-006
1663.472000,4.3390E-006
1663.750800,4.2060E-006
1664.029600,4.3280E-006
1664.308400,4.1880E-006
1664.587200,4.2510E-006
1664.866000,4.2880E-006
1665.144800,4.2860E-006
1665.423600,4.3690E-006
1665.702400,4.5050E-006
1665.981200,4.5400E-006
1666.260000,4.3970E-006
1666.538800,4.4310E-006
1666.817600,4.5980E-006
1667.096400,4.5820E-006
1667.375200,4.5750E-006
1667.654000,4.5670E-006
1667.932800,4.6300E-006
1668.211600,4.7250E-006
1668.490400,4.7410E-006
1668.769200,4.9950E-006
1669.048000,4.8510E-006
1669.326800,4.8040E-006
1669.605600,4.9890E-006
1669.884400,4.9660E-006
1670.163200,4.8590E-006
1670.442000,5.0790E-006
1670.720800,5.0910E-006
1670.999600,5.2770E-006
1671.278400,5.2510E-006
1671.557200,5.2680E-006
1671.836000,5.3330E-006
1672.114800,5.4030E-006
1672.393600,5.4940E-006
1672.672400,5.3350E-006
1672.951200,5.4920E-006
1673.230000,5.7180E-006
1673.508800,5.7740E-006
1673.787600,5.5830E-006
1674.066400,5.8080E-006
1674.345200,5.6980E-006
1674.624000,5.9560E-006
1674.902800,6.0880E-006
1675.181600,5.9520E-006
1675.460400,6.0110E-006
1675.739200,6.0160E-006
1676.018000,6.1710E-006
1676.296800,6.2450E-006
1676.575600,6.2300E-006
1676.854400,6.2120E-006
1677.133200,6.3120E-006
1677.412000,6.2940E-006
1677.690800,6.6090E-006
1677.969600,6.8850E-006
1678.248400,6.9950E-006
1678.527200,6.7250E-006
1678.806000,6.9960E-006
1679.084800,6.7920E-006
1679.363600,6.8880E-006
1679.642400,7.3670E-006
1679.921200,7.1590E-006
1680.200000,7.2060E-006
1680.478800,7.3640E-006
1680.757600,6.9840E-006
1681.036400,6.8530E-006
1681.315200,7.5950E-006
1681.594000,7.3360E-006
1681.872800,7.6380E-006
1682.151600,7.6060E-006
1682.430400,7.6700E-006
1682.709200,7.9530E-006
1682.988000,7.8580E-006
1683.266800,7.4640E-006
1683.545600,7.8490E-006
1683.824400,7.7170E-006
1684.103200,8.3430E-006
1684.382000,7.9800E-006
1684.660800,8.2240E-006
1684.939600,7.8220E-006
1685.218400,8.0230E-006
1685.497200,8.2690E-006
1685.776000,8.7460E-006
1686.054800,8.2580E-006
1686.333600,8.4470E-006
1686.612400,8.5720E-006
1686.891200,8.8160E-006
1687.170000,8.5810E-006
1687.448800,8.4000E-006
1687.727600,8.4010E-006
1688.006400,8.6980E-006
1688.285200,8.9280E-006
1688.564000,8.9610E-006
1688.842800,9.3160E-006
1689.121600,9.1520E-006
1689.400400,8.5530E-006
1689.679200,8.4360E-006
1689.958000,9.1060E-006
1690.236800,9.4290E-006
1690.515600,9.4270E-006
1690.794400,9.0780E-006
1691.073200,8.5970E-006
1691.352000,9.7350E-006
1691.630800,9.7260E-006
1691.909600,9.3440E-006
1692.188400,8.8440E-006
1692.467200,8.6600E-006
1692.746000,9.4890E-006
1693.024800,9.0300E-006
1693.303600,9.2720E-006
1693.582400,9.2630E-006
1693.861200,8.9240E-006
1694.140000,9.1580E-006
1694.418800,9.3310E-006
1694.697600,9.2020E-006
1694.976400,9.4050E-006
1695.255200,8.8560E-006
1695.534000,9.4590E-006
1695.812800,9.5060E-006
1696.091600,9.1530E-006
1696.370400,9.3660E-006
1696.649200,1.0030E-005
1696.928000,9.3550E-006
1697.206800,9.8660E-006
1697.485600,9.6140E-006
1697.764400,9.4980E-006
1698.043200,9.2830E-006
1698.322000,9.5790E-006
1698.600800,9.7490E-006
1698.879600,9.7110E-006
1699.158400,9.8190E-006
1699.437200,9.4840E-006
1699.716000,9.9160E-006
1699.994800,8.9520E-006
1700.273600,9.4570E-006
1700.552400,9.5590E-006
1700.831200,1.0800E-005
1701.110000,9.5140E-006
1701.388800,9.2780E-006
1701.667600,9.1040E-006
1701.946400,9.5950E-006
1702.225200,9.0170E-006
1702.504000,9.7480E-006
1702.782800,9.5140E-006
1703.061600,9.5440E-006
1703.340400,1.0330E-005
1703.619200,1.0620E-005
1703.898000,9.9900E-006
1704.176800,1.0060E-005
1704.455600,9.4250E-006
1704.734400,1.0320E-005
1705.013200,1.0200E-005
1705.292000,9.4470E-006
1705.570800,9.8650E-006
1705.849600,1.0430E-005
1706.128400,9.7380E-006
1706.407200,9.7940E-006
1706.686000,9.8020E-006
1706.964800,8.9920E-006
1707.243600,1.0260E-005
1707.522400,9.6400E-006
1707.801200,1.0210E-005
1708.080000,9.9360E-006
1708.358800,9.9870E-006
1708.637600,1.0760E-005
1708.916400,1.0750E-005
1709.195200,9.8590E-006
1709.474000,1.0100E-005
1709.752800,1.0440E-005
1710.031600,9.8990E-006
1710.310400,8.8870E-006
1710.589200,9.9630E-006
1710.868000,1.0940E-005
1711.146800,9.5960E-006
1711.425600,1.1310E-005
1711.704400,9.8070E-006
1711.983200,9.7190E-006
1712.262000,9.6260E-006
1712.540800,9.9150E-006
1712.819600,1.0320E-005
1713.098400,9.2410E-006
1713.377200,1.0260E-005
1713.656000,1.0550E-005
1713.934800,1.0950E-005
1714.213600,1.1310E-005
1714.492400,9.6860E-006
1714.771200,1.1920E-005
1715.050000,1.0820E-005
1715.328800,1.1080E-005
1715.607600,1.1580E-005
1715.886400,1.2220E-005
1716.165200,1.1150E-005
1716.444000,1.0510E-005
1716.722800,9.8360E-006
1717.001600,1.1990E-005
1717.280400,1.0860E-005
1717.559200,1.1090E-005
1717.838000,1.0820E-005
1718.116800,1.2350E-005
1718.395600,1.0720E-005
1718.674400,1.1340E-005
1718.953200,1.2560E-005
1719.232000,1.2850E-005
1719.510800,1.1820E-005
1719.789600,1.1340E-005
1720.068400,1.2670E-005
1720.347200,1.1250E-005
1720.626000,1.3740E-005
1720.904800,9.9370E-006
1721.183600,1.2040E-005
1721.462400,1.2450E-005
1721.741200,1.3630E-005
1722.020000,1.3070E-005
1722.298800,1.2320E-005
1722.577600,1.3000E-005
1722.856400,1.1750E-005
1723.135200,1.0700E-005
1723.414000,1.2520E-005
1723.692800,1.2950E-005
1723.971600,1.3190E-005
1724.250400,1.1910E-005
1724.529200,1.2690E-005
1724.808000,1.2610E-005
1725.086800,1.3600E-005
1725.365600,1.5070E-005
1725.644400,1.4490E-005
1725.923200,1.2600E-005
1726.202000,1.1830E-005
1726.480800,1.3460E-005
1726.759600,1.3520E-005
1727.038400,1.4220E-005
1727.317200,1.4970E-005
1727.596000,1.2880E-005
1727.874800,1.4670E-005
1728.153600,1.5100E-005
1728.432400,1.5210E-005
1728.711200,1.5680E-005
1728.990000,1.4110E-005
1729.268800,1.6080E-005
1729.547600,1.3330E-005
1729.826400,1.6770E-005
1730.105200,1.3910E-005
1730.384000,1.6440E-005
1730.662800,1.4730E-005
1730.941600,1.5490E-005
1731.220400,1.6480E-005
1731.499200,1.6410E-005
1731.778000,1.4550E-005
1732.056800,1.5980E-005
1732.335600,1.5760E-005
1732.614400,1.4250E-005
1732.893200,1.6520E-005
1733.172000,1.7190E-005
1733.450800,1.5970E-005
1733.729600,1.8900E-005
1734.008400,1.7060E-005
1734.287200,1.8410E-005
1734.566000,1.5870E-005
1734.844800,1.8310E-005
1735.123600,1.5180E-005
1735.402400,1.8130E-005
1735.681200,1.9660E-005
1735.960000,1.5760E-005
1736.238800,1.9500E-005
1736.517600,1.6430E-005
1736.796400,1.8700E-005
1737.075200,1.8090E-005
1737.354000,1.6810E-005
1737.632800,2.0400E-005
1737.911600,1.8460E-005
1738.190400,1.5740E-005
1738.469200,1.7550E-005
1738.748000,1.7360E-005
1739.026800,1.8360E-005
1739.305600,2.1440E-005
1739.584400,1.7470E-005
1739.863200,2.1560E-005
1740.142000,2.2440E-005
1740.420800,2.0730E-005
1740.699600,1.7870E-005
1740.978400,2.0220E-005
1741.257200,1.7180E-005
1741.536000,2.1620E-005
1741.814800,2.1890E-005
1742.093600,2.0930E-005
1742.372400,2.1020E-005
1742.651200,2.0090E-005
1742.930000,1.8970E-005
1743.208800,2.1620E-005
1743.487600,2.1000E-005
1743.766400,1.8290E-005
1744.045200,2.0140E-005
1744.324000,2.2720E-005
1744.602800,2.0360E-005
1744.881600,2.2320E-005
1745.160400,2.1600E-005
1745.439200,2.0700E-005
1745.718000,2.2570E-005
1745.996800,2.0890E-005
1746.275600,2.3510E-005
1746.554400,2.3850E-005
1746.833200,2.3260E-005
1747.112000,2.5730E-005
1747.390800,2.1450E-005
1747.669600,2.3630E-005
1747.948400,2.4980E-005
1748.227200,2.0510E-005
1748.506000,2.4190E-005
1748.784800,2.0640E-005
1749.063600,2.2260E-005
1749.342400,2.2670E-005
1749.621200,2.2730E-005
1749.900000,2.0920E-005
