File,MUESTRA_0_3_2.csv,
Date/Time,23-02-16/17:35,

Center Wavelength,1471.1,nm
Span Wavelength,557.6,nm
Start Wavelength,1192.3,nm
Stop Wavelength,1749.9,nm
Value In Air/Vacuum,Vacuum,
Optical Attenuater,Off,
Resolution,0.5,nm
Actual Resolution,0.494,nm
VBW,2000,Hz
Point Average,Off,
Sweep Average,1,
Smooth,Off,
Sampling Points,2001,pt
Trace Type,Write,
Trace Storage Mode,Off,
Trace Calculate Trace 1,-,
Trace Calculate Trace 2,-,
Dynamic Range,Normal,
Ext-Trigger,Off,
Interval Time,Off,
MM Mode,Off,

Trace,A
Start,1192.3,nm
Stop,1749.9,nm
1192.300000,8.5170E-007
1192.578800,8.2630E-007
1192.857600,8.4940E-007
1193.136400,8.5580E-007
1193.415200,8.1200E-007
1193.694000,8.3750E-007
1193.972800,8.5400E-007
1194.251600,8.7760E-007
1194.530400,8.5850E-007
1194.809200,8.8140E-007
1195.088000,8.9080E-007
1195.366800,8.0370E-007
1195.645600,8.4640E-007
1195.924400,8.2840E-007
1196.203200,8.3000E-007
1196.482000,8.2570E-007
1196.760800,8.6490E-007
1197.039600,8.0870E-007
1197.318400,8.7720E-007
1197.597200,8.3040E-007
1197.876000,8.7350E-007
1198.154800,8.6310E-007
1198.433600,8.3790E-007
1198.712400,8.0990E-007
1198.991200,8.5820E-007
1199.270000,8.2240E-007
1199.548800,8.6800E-007
1199.827600,8.4760E-007
1200.106400,8.4200E-007
1200.385200,8.0510E-007
1200.664000,8.7750E-007
1200.942800,8.6130E-007
1201.221600,8.3780E-007
1201.500400,8.5710E-007
1201.779200,8.3460E-007
1202.058000,8.6920E-007
1202.336800,8.1070E-007
1202.615600,8.1360E-007
1202.894400,8.7450E-007
1203.173200,8.9490E-007
1203.452000,8.3030E-007
1203.730800,8.6000E-007
1204.009600,8.3330E-007
1204.288400,7.7370E-007
1204.567200,8.6280E-007
1204.846000,8.2100E-007
1205.124800,7.7720E-007
1205.403600,8.1670E-007
1205.682400,8.2100E-007
1205.961200,8.3040E-007
1206.240000,8.9060E-007
1206.518800,8.1940E-007
1206.797600,8.0660E-007
1207.076400,7.9200E-007
1207.355200,7.7920E-007
1207.634000,8.3050E-007
1207.912800,7.7610E-007
1208.191600,8.5970E-007
1208.470400,8.0320E-007
1208.749200,8.3130E-007
1209.028000,7.9620E-007
1209.306800,8.1480E-007
1209.585600,7.9110E-007
1209.864400,7.9920E-007
1210.143200,8.4470E-007
1210.422000,8.6810E-007
1210.700800,7.7120E-007
1210.979600,7.6740E-007
1211.258400,8.1930E-007
1211.537200,8.5200E-007
1211.816000,8.2610E-007
1212.094800,8.2890E-007
1212.373600,8.0400E-007
1212.652400,7.9200E-007
1212.931200,8.4370E-007
1213.210000,8.2240E-007
1213.488800,7.6030E-007
1213.767600,8.0500E-007
1214.046400,8.4680E-007
1214.325200,8.6110E-007
1214.604000,8.3130E-007
1214.882800,7.7810E-007
1215.161600,7.8900E-007
1215.440400,7.8320E-007
1215.719200,8.1300E-007
1215.998000,8.3850E-007
1216.276800,7.9060E-007
1216.555600,7.5860E-007
1216.834400,8.3110E-007
1217.113200,8.1150E-007
1217.392000,8.8560E-007
1217.670800,8.1360E-007
1217.949600,8.4160E-007
1218.228400,7.8690E-007
1218.507200,8.2820E-007
1218.786000,8.0300E-007
1219.064800,7.6540E-007
1219.343600,7.8980E-007
1219.622400,7.9860E-007
1219.901200,7.8600E-007
1220.180000,8.1390E-007
1220.458800,8.0390E-007
1220.737600,7.6870E-007
1221.016400,8.2920E-007
1221.295200,7.8580E-007
1221.574000,8.5150E-007
1221.852800,7.9990E-007
1222.131600,7.6180E-007
1222.410400,7.9900E-007
1222.689200,7.6450E-007
1222.968000,8.1840E-007
1223.246800,7.9380E-007
1223.525600,7.6930E-007
1223.804400,7.7730E-007
1224.083200,7.9260E-007
1224.362000,8.1350E-007
1224.640800,8.1400E-007
1224.919600,7.9050E-007
1225.198400,7.9300E-007
1225.477200,8.1780E-007
1225.756000,7.7710E-007
1226.034800,7.9600E-007
1226.313600,8.0720E-007
1226.592400,7.9140E-007
1226.871200,7.7770E-007
1227.150000,8.1140E-007
1227.428800,7.8880E-007
1227.707600,8.0770E-007
1227.986400,7.9770E-007
1228.265200,7.6020E-007
1228.544000,7.3690E-007
1228.822800,7.6320E-007
1229.101600,7.8130E-007
1229.380400,7.9220E-007
1229.659200,7.9200E-007
1229.938000,8.3510E-007
1230.216800,7.5260E-007
1230.495600,7.8770E-007
1230.774400,7.8240E-007
1231.053200,7.8720E-007
1231.332000,7.3170E-007
1231.610800,7.6960E-007
1231.889600,7.9430E-007
1232.168400,8.1120E-007
1232.447200,7.8430E-007
1232.726000,7.6680E-007
1233.004800,8.0700E-007
1233.283600,8.0880E-007
1233.562400,8.1800E-007
1233.841200,7.6220E-007
1234.120000,7.8450E-007
1234.398800,8.0230E-007
1234.677600,6.9650E-007
1234.956400,7.8440E-007
1235.235200,7.6510E-007
1235.514000,8.0190E-007
1235.792800,8.3050E-007
1236.071600,7.7670E-007
1236.350400,8.0240E-007
1236.629200,7.5330E-007
1236.908000,8.2600E-007
1237.186800,7.6000E-007
1237.465600,7.7980E-007
1237.744400,7.9750E-007
1238.023200,7.9060E-007
1238.302000,7.9650E-007
1238.580800,8.0420E-007
1238.859600,7.6830E-007
1239.138400,7.9020E-007
1239.417200,7.9350E-007
1239.696000,7.2230E-007
1239.974800,7.6870E-007
1240.253600,7.8000E-007
1240.532400,7.5990E-007
1240.811200,8.1570E-007
1241.090000,7.7320E-007
1241.368800,7.4140E-007
1241.647600,7.4560E-007
1241.926400,7.7070E-007
1242.205200,8.0900E-007
1242.484000,7.5130E-007
1242.762800,7.7360E-007
1243.041600,7.6740E-007
1243.320400,7.3840E-007
1243.599200,7.4540E-007
1243.878000,7.1730E-007
1244.156800,7.9770E-007
1244.435600,7.5470E-007
1244.714400,7.5820E-007
1244.993200,7.7470E-007
1245.272000,7.6810E-007
1245.550800,7.1810E-007
1245.829600,7.7110E-007
1246.108400,7.6070E-007
1246.387200,7.6710E-007
1246.666000,7.5770E-007
1246.944800,7.1760E-007
1247.223600,7.5260E-007
1247.502400,7.8430E-007
1247.781200,7.4990E-007
1248.060000,7.6270E-007
1248.338800,7.1180E-007
1248.617600,7.1100E-007
1248.896400,7.5040E-007
1249.175200,7.7160E-007
1249.454000,7.6830E-007
1249.732800,7.3910E-007
1250.011600,7.0420E-007
1250.290400,7.4830E-007
1250.569200,7.6400E-007
1250.848000,7.1140E-007
1251.126800,7.8240E-007
1251.405600,7.2500E-007
1251.684400,7.3330E-007
1251.963200,7.2870E-007
1252.242000,7.7120E-007
1252.520800,7.2190E-007
1252.799600,7.4440E-007
1253.078400,7.1810E-007
1253.357200,7.0720E-007
1253.636000,7.4080E-007
1253.914800,7.6180E-007
1254.193600,7.4150E-007
1254.472400,7.3670E-007
1254.751200,7.3790E-007
1255.030000,7.4870E-007
1255.308800,8.1660E-007
1255.587600,7.1600E-007
1255.866400,7.4090E-007
1256.145200,7.1240E-007
1256.424000,8.1490E-007
1256.702800,7.3040E-007
1256.981600,7.1840E-007
1257.260400,6.5910E-007
1257.539200,7.8630E-007
1257.818000,7.5300E-007
1258.096800,7.4840E-007
1258.375600,7.9650E-007
1258.654400,7.5760E-007
1258.933200,7.4240E-007
1259.212000,7.4640E-007
1259.490800,7.0340E-007
1259.769600,7.2210E-007
1260.048400,7.0450E-007
1260.327200,7.2850E-007
1260.606000,7.4630E-007
1260.884800,7.6900E-007
1261.163600,7.3110E-007
1261.442400,7.0750E-007
1261.721200,7.3430E-007
1262.000000,7.4230E-007
1262.278800,7.0660E-007
1262.557600,7.2920E-007
1262.836400,7.0720E-007
1263.115200,7.1170E-007
1263.394000,7.4050E-007
1263.672800,7.5980E-007
1263.951600,7.4480E-007
1264.230400,7.0800E-007
1264.509200,7.6710E-007
1264.788000,7.1050E-007
1265.066800,7.0580E-007
1265.345600,7.0530E-007
1265.624400,7.4700E-007
1265.903200,7.5080E-007
1266.182000,7.1860E-007
1266.460800,7.3950E-007
1266.739600,6.9210E-007
1267.018400,6.6430E-007
1267.297200,7.2410E-007
1267.576000,7.4860E-007
1267.854800,7.8570E-007
1268.133600,7.7620E-007
1268.412400,7.2270E-007
1268.691200,7.4720E-007
1268.970000,7.2300E-007
1269.248800,7.3270E-007
1269.527600,7.0870E-007
1269.806400,6.9520E-007
1270.085200,7.4080E-007
1270.364000,6.8900E-007
1270.642800,6.8030E-007
1270.921600,7.7010E-007
1271.200400,7.1800E-007
1271.479200,7.2790E-007
1271.758000,6.9420E-007
1272.036800,7.1780E-007
1272.315600,7.5690E-007
1272.594400,7.3100E-007
1272.873200,6.8710E-007
1273.152000,7.2140E-007
1273.430800,7.3890E-007
1273.709600,7.2200E-007
1273.988400,7.1670E-007
1274.267200,7.0840E-007
1274.546000,6.6460E-007
1274.824800,7.4140E-007
1275.103600,6.8360E-007
1275.382400,7.0110E-007
1275.661200,6.7310E-007
1275.940000,7.0500E-007
1276.218800,7.0780E-007
1276.497600,7.0540E-007
1276.776400,6.7450E-007
1277.055200,7.2660E-007
1277.334000,7.5690E-007
1277.612800,7.3920E-007
1277.891600,7.0690E-007
1278.170400,7.4550E-007
1278.449200,7.0160E-007
1278.728000,7.2110E-007
1279.006800,7.4580E-007
1279.285600,7.6270E-007
1279.564400,6.7570E-007
1279.843200,7.2280E-007
1280.122000,7.1920E-007
1280.400800,7.3420E-007
1280.679600,7.1990E-007
1280.958400,7.3230E-007
1281.237200,7.4330E-007
1281.516000,7.0370E-007
1281.794800,7.4540E-007
1282.073600,6.9580E-007
1282.352400,6.9260E-007
1282.631200,6.8790E-007
1282.910000,7.2910E-007
1283.188800,6.9690E-007
1283.467600,7.2520E-007
1283.746400,6.9740E-007
1284.025200,7.0690E-007
1284.304000,7.3100E-007
1284.582800,6.7450E-007
1284.861600,7.6400E-007
1285.140400,6.6100E-007
1285.419200,7.4200E-007
1285.698000,7.0140E-007
1285.976800,6.8330E-007
1286.255600,7.4960E-007
1286.534400,7.4530E-007
1286.813200,6.9990E-007
1287.092000,7.2280E-007
1287.370800,7.0570E-007
1287.649600,7.3760E-007
1287.928400,7.1570E-007
1288.207200,7.0980E-007
1288.486000,7.3960E-007
1288.764800,7.3050E-007
1289.043600,7.0540E-007
1289.322400,7.2110E-007
1289.601200,6.7930E-007
1289.880000,7.2520E-007
1290.158800,7.1180E-007
1290.437600,6.5350E-007
1290.716400,7.1340E-007
1290.995200,6.5680E-007
1291.274000,6.9430E-007
1291.552800,7.5290E-007
1291.831600,7.1510E-007
1292.110400,7.1090E-007
1292.389200,7.0840E-007
1292.668000,6.9400E-007
1292.946800,7.1110E-007
1293.225600,7.0930E-007
1293.504400,6.9740E-007
1293.783200,7.1080E-007
1294.062000,6.6630E-007
1294.340800,7.1320E-007
1294.619600,6.8150E-007
1294.898400,6.5900E-007
1295.177200,6.8990E-007
1295.456000,7.0130E-007
1295.734800,6.8710E-007
1296.013600,7.6370E-007
1296.292400,6.7330E-007
1296.571200,6.6630E-007
1296.850000,6.3870E-007
1297.128800,6.8120E-007
1297.407600,6.8160E-007
1297.686400,7.1580E-007
1297.965200,7.1480E-007
1298.244000,6.9730E-007
1298.522800,6.8630E-007
1298.801600,6.8080E-007
1299.080400,6.9390E-007
1299.359200,6.9090E-007
1299.638000,6.9330E-007
1299.916800,7.0890E-007
1300.195600,6.7260E-007
1300.474400,7.0080E-007
1300.753200,7.1060E-007
1301.032000,7.0470E-007
1301.310800,6.9810E-007
1301.589600,7.1470E-007
1301.868400,6.9620E-007
1302.147200,6.5940E-007
1302.426000,6.8660E-007
1302.704800,6.8870E-007
1302.983600,7.0580E-007
1303.262400,7.1560E-007
1303.541200,7.1020E-007
1303.820000,7.4940E-007
1304.098800,6.7130E-007
1304.377600,6.7930E-007
1304.656400,6.8500E-007
1304.935200,6.8820E-007
1305.214000,7.2660E-007
1305.492800,6.7750E-007
1305.771600,6.9420E-007
1306.050400,7.1480E-007
1306.329200,6.8450E-007
1306.608000,6.9320E-007
1306.886800,7.2350E-007
1307.165600,6.5020E-007
1307.444400,6.8970E-007
1307.723200,6.6810E-007
1308.002000,6.8160E-007
1308.280800,6.6920E-007
1308.559600,7.1570E-007
1308.838400,6.8470E-007
1309.117200,7.0750E-007
1309.396000,7.1050E-007
1309.674800,7.3020E-007
1309.953600,6.7880E-007
1310.232400,7.1960E-007
1310.511200,7.3460E-007
1310.790000,6.9320E-007
1311.068800,7.0830E-007
1311.347600,7.3470E-007
1311.626400,7.0120E-007
1311.905200,6.7770E-007
1312.184000,6.1630E-007
1312.462800,6.9770E-007
1312.741600,7.1770E-007
1313.020400,6.5140E-007
1313.299200,7.0300E-007
1313.578000,6.8790E-007
1313.856800,6.9920E-007
1314.135600,6.6670E-007
1314.414400,6.4690E-007
1314.693200,6.6100E-007
1314.972000,6.8360E-007
1315.250800,6.5860E-007
1315.529600,7.0420E-007
1315.808400,7.2350E-007
1316.087200,6.4490E-007
1316.366000,6.4280E-007
1316.644800,7.0940E-007
1316.923600,6.8410E-007
1317.202400,6.3490E-007
1317.481200,6.6820E-007
1317.760000,6.5320E-007
1318.038800,6.8070E-007
1318.317600,6.4040E-007
1318.596400,7.0300E-007
1318.875200,6.2400E-007
1319.154000,6.9380E-007
1319.432800,6.7060E-007
1319.711600,6.9400E-007
1319.990400,6.5610E-007
1320.269200,6.9720E-007
1320.548000,6.4990E-007
1320.826800,6.6840E-007
1321.105600,7.1020E-007
1321.384400,7.1050E-007
1321.663200,6.3950E-007
1321.942000,7.1710E-007
1322.220800,6.6490E-007
1322.499600,6.7840E-007
1322.778400,6.5810E-007
1323.057200,6.8010E-007
1323.336000,6.4320E-007
1323.614800,7.1480E-007
1323.893600,6.6740E-007
1324.172400,6.6580E-007
1324.451200,6.8440E-007
1324.730000,6.7440E-007
1325.008800,6.6750E-007
1325.287600,7.0380E-007
1325.566400,6.7330E-007
1325.845200,6.6810E-007
1326.124000,6.8340E-007
1326.402800,6.4930E-007
1326.681600,6.7500E-007
1326.960400,6.8880E-007
1327.239200,6.8260E-007
1327.518000,6.6770E-007
1327.796800,6.5450E-007
1328.075600,6.7530E-007
1328.354400,6.8670E-007
1328.633200,6.3820E-007
1328.912000,6.7560E-007
1329.190800,6.8770E-007
1329.469600,6.9850E-007
1329.748400,6.7610E-007
1330.027200,6.2350E-007
1330.306000,6.4000E-007
1330.584800,6.7740E-007
1330.863600,6.7940E-007
1331.142400,6.7350E-007
1331.421200,6.4580E-007
1331.700000,6.8820E-007
1331.978800,6.6830E-007
1332.257600,6.3570E-007
1332.536400,6.7890E-007
1332.815200,6.8470E-007
1333.094000,6.8090E-007
1333.372800,6.7020E-007
1333.651600,7.1560E-007
1333.930400,6.8620E-007
1334.209200,6.2590E-007
1334.488000,7.1020E-007
1334.766800,6.8720E-007
1335.045600,6.3160E-007
1335.324400,6.7120E-007
1335.603200,6.7690E-007
1335.882000,6.5980E-007
1336.160800,6.6360E-007
1336.439600,6.9340E-007
1336.718400,6.7830E-007
1336.997200,7.0680E-007
1337.276000,6.7840E-007
1337.554800,6.9720E-007
1337.833600,6.4660E-007
1338.112400,6.8360E-007
1338.391200,7.0060E-007
1338.670000,6.4190E-007
1338.948800,7.1320E-007
1339.227600,6.9130E-007
1339.506400,6.8240E-007
1339.785200,6.7340E-007
1340.064000,6.6100E-007
1340.342800,6.5630E-007
1340.621600,6.9260E-007
1340.900400,6.8200E-007
1341.179200,6.8690E-007
1341.458000,6.5370E-007
1341.736800,6.6420E-007
1342.015600,6.8820E-007
1342.294400,6.5400E-007
1342.573200,6.3830E-007
1342.852000,6.9910E-007
1343.130800,7.2100E-007
1343.409600,6.6500E-007
1343.688400,6.2710E-007
1343.967200,6.5600E-007
1344.246000,6.2990E-007
1344.524800,6.9310E-007
1344.803600,6.2920E-007
1345.082400,6.4570E-007
1345.361200,6.5590E-007
1345.640000,6.4500E-007
1345.918800,7.0950E-007
1346.197600,6.8690E-007
1346.476400,6.7640E-007
1346.755200,6.5610E-007
1347.034000,6.6560E-007
1347.312800,6.9720E-007
1347.591600,6.8030E-007
1347.870400,6.9600E-007
1348.149200,6.6930E-007
1348.428000,6.6420E-007
1348.706800,6.7530E-007
1348.985600,6.2490E-007
1349.264400,7.1710E-007
1349.543200,6.7930E-007
1349.822000,6.5640E-007
1350.100800,6.8820E-007
1350.379600,7.0130E-007
1350.658400,6.9650E-007
1350.937200,7.0370E-007
1351.216000,7.0220E-007
1351.494800,7.7080E-007
1351.773600,6.9830E-007
1352.052400,6.6170E-007
1352.331200,6.8570E-007
1352.610000,6.4620E-007
1352.888800,6.6850E-007
1353.167600,6.7620E-007
1353.446400,6.8430E-007
1353.725200,6.7270E-007
1354.004000,7.1560E-007
1354.282800,6.7310E-007
1354.561600,7.3920E-007
1354.840400,6.7460E-007
1355.119200,6.8100E-007
1355.398000,6.8560E-007
1355.676800,7.0350E-007
1355.955600,7.4300E-007
1356.234400,7.1200E-007
1356.513200,7.3720E-007
1356.792000,7.1350E-007
1357.070800,7.3060E-007
1357.349600,7.2310E-007
1357.628400,7.2290E-007
1357.907200,6.9570E-007
1358.186000,6.5490E-007
1358.464800,7.2840E-007
1358.743600,7.1890E-007
1359.022400,7.1690E-007
1359.301200,7.3180E-007
1359.580000,6.6320E-007
1359.858800,6.8400E-007
1360.137600,6.8500E-007
1360.416400,7.0680E-007
1360.695200,6.9800E-007
1360.974000,7.6730E-007
1361.252800,6.7530E-007
1361.531600,7.0490E-007
1361.810400,6.5430E-007
1362.089200,7.0080E-007
1362.368000,6.8990E-007
1362.646800,6.9990E-007
1362.925600,6.7780E-007
1363.204400,7.0980E-007
1363.483200,7.1960E-007
1363.762000,6.8740E-007
1364.040800,7.1490E-007
1364.319600,6.7730E-007
1364.598400,6.9100E-007
1364.877200,6.6600E-007
1365.156000,7.0810E-007
1365.434800,7.3270E-007
1365.713600,6.9380E-007
1365.992400,6.6900E-007
1366.271200,6.6350E-007
1366.550000,6.6330E-007
1366.828800,6.7390E-007
1367.107600,6.8140E-007
1367.386400,6.8870E-007
1367.665200,7.0310E-007
1367.944000,6.9540E-007
1368.222800,6.9090E-007
1368.501600,6.6960E-007
1368.780400,6.7370E-007
1369.059200,7.0440E-007
1369.338000,6.6740E-007
1369.616800,7.3710E-007
1369.895600,6.6430E-007
1370.174400,7.2770E-007
1370.453200,6.9570E-007
1370.732000,7.4190E-007
1371.010800,7.1920E-007
1371.289600,7.0840E-007
1371.568400,7.0220E-007
1371.847200,7.0420E-007
1372.126000,6.9290E-007
1372.404800,7.1500E-007
1372.683600,7.1580E-007
1372.962400,7.3720E-007
1373.241200,7.0060E-007
1373.520000,6.8010E-007
1373.798800,7.3550E-007
1374.077600,6.9150E-007
1374.356400,6.8400E-007
1374.635200,6.8470E-007
1374.914000,6.9240E-007
1375.192800,6.5410E-007
1375.471600,6.7610E-007
1375.750400,6.5260E-007
1376.029200,6.9430E-007
1376.308000,6.8900E-007
1376.586800,6.4940E-007
1376.865600,6.7010E-007
1377.144400,7.0560E-007
1377.423200,6.5260E-007
1377.702000,6.8600E-007
1377.980800,6.6850E-007
1378.259600,6.5930E-007
1378.538400,6.8020E-007
1378.817200,6.6840E-007
1379.096000,7.0670E-007
1379.374800,6.5370E-007
1379.653600,6.5140E-007
1379.932400,6.2480E-007
1380.211200,6.6770E-007
1380.490000,7.0530E-007
1380.768800,6.4430E-007
1381.047600,6.8450E-007
1381.326400,6.2260E-007
1381.605200,6.8510E-007
1381.884000,6.5670E-007
1382.162800,7.4500E-007
1382.441600,6.6150E-007
1382.720400,7.0470E-007
1382.999200,6.7990E-007
1383.278000,6.8870E-007
1383.556800,6.6600E-007
1383.835600,7.0420E-007
1384.114400,6.2800E-007
1384.393200,6.6910E-007
1384.672000,6.9150E-007
1384.950800,6.9720E-007
1385.229600,6.8460E-007
1385.508400,6.7480E-007
1385.787200,6.9710E-007
1386.066000,7.2270E-007
1386.344800,6.9620E-007
1386.623600,7.0760E-007
1386.902400,7.1660E-007
1387.181200,6.9570E-007
1387.460000,6.8680E-007
1387.738800,6.5160E-007
1388.017600,6.6710E-007
1388.296400,6.7430E-007
1388.575200,6.9230E-007
1388.854000,6.8280E-007
1389.132800,7.0520E-007
1389.411600,6.9830E-007
1389.690400,7.1150E-007
1389.969200,6.5130E-007
1390.248000,6.7940E-007
1390.526800,7.3410E-007
1390.805600,7.0510E-007
1391.084400,6.6980E-007
1391.363200,7.0030E-007
1391.642000,6.8650E-007
1391.920800,6.8140E-007
1392.199600,6.9080E-007
1392.478400,7.0020E-007
1392.757200,6.7060E-007
1393.036000,6.6660E-007
1393.314800,6.9650E-007
1393.593600,7.2510E-007
1393.872400,6.3750E-007
1394.151200,7.0460E-007
1394.430000,7.3240E-007
1394.708800,7.1250E-007
1394.987600,6.8960E-007
1395.266400,7.2300E-007
1395.545200,7.4890E-007
1395.824000,6.8080E-007
1396.102800,7.4900E-007
1396.381600,7.3400E-007
1396.660400,7.1940E-007
1396.939200,7.0220E-007
1397.218000,7.2600E-007
1397.496800,7.0840E-007
1397.775600,7.3990E-007
1398.054400,7.1390E-007
1398.333200,7.2000E-007
1398.612000,7.4940E-007
1398.890800,7.3690E-007
1399.169600,6.9860E-007
1399.448400,6.8440E-007
1399.727200,7.6640E-007
1400.006000,7.3410E-007
1400.284800,7.2830E-007
1400.563600,7.3440E-007
1400.842400,7.8620E-007
1401.121200,7.5160E-007
1401.400000,7.6460E-007
1401.678800,7.6020E-007
1401.957600,7.1550E-007
1402.236400,7.7470E-007
1402.515200,7.1130E-007
1402.794000,7.9500E-007
1403.072800,7.4040E-007
1403.351600,7.9720E-007
1403.630400,7.9870E-007
1403.909200,7.3480E-007
1404.188000,7.4340E-007
1404.466800,7.7620E-007
1404.745600,7.2960E-007
1405.024400,8.3650E-007
1405.303200,7.7260E-007
1405.582000,7.7270E-007
1405.860800,7.4820E-007
1406.139600,7.7500E-007
1406.418400,7.3400E-007
1406.697200,7.4660E-007
1406.976000,7.9050E-007
1407.254800,7.5180E-007
1407.533600,7.5550E-007
1407.812400,7.6490E-007
1408.091200,8.0810E-007
1408.370000,7.3130E-007
1408.648800,7.0620E-007
1408.927600,7.0900E-007
1409.206400,7.6690E-007
1409.485200,7.6000E-007
1409.764000,8.1050E-007
1410.042800,7.0470E-007
1410.321600,7.8020E-007
1410.600400,7.4490E-007
1410.879200,8.2570E-007
1411.158000,7.7660E-007
1411.436800,7.5560E-007
1411.715600,7.4700E-007
1411.994400,7.0210E-007
1412.273200,7.3240E-007
1412.552000,7.4710E-007
1412.830800,7.8310E-007
1413.109600,7.1750E-007
1413.388400,7.5100E-007
1413.667200,7.4830E-007
1413.946000,7.8670E-007
1414.224800,7.2320E-007
1414.503600,7.5710E-007
1414.782400,7.7460E-007
1415.061200,7.9310E-007
1415.340000,7.8540E-007
1415.618800,7.6930E-007
1415.897600,7.5960E-007
1416.176400,7.5240E-007
1416.455200,7.7840E-007
1416.734000,7.5310E-007
1417.012800,7.7490E-007
1417.291600,7.7660E-007
1417.570400,8.2070E-007
1417.849200,7.4140E-007
1418.128000,8.2450E-007
1418.406800,8.1580E-007
1418.685600,7.6100E-007
1418.964400,8.0990E-007
1419.243200,7.6170E-007
1419.522000,7.8300E-007
1419.800800,8.0670E-007
1420.079600,7.7180E-007
1420.358400,8.0900E-007
1420.637200,7.8780E-007
1420.916000,7.7600E-007
1421.194800,7.8340E-007
1421.473600,7.9190E-007
1421.752400,7.8470E-007
1422.031200,8.3900E-007
1422.310000,7.5980E-007
1422.588800,8.3430E-007
1422.867600,7.5900E-007
1423.146400,8.4030E-007
1423.425200,8.3480E-007
1423.704000,8.2300E-007
1423.982800,8.5990E-007
1424.261600,8.0700E-007
1424.540400,8.6770E-007
1424.819200,7.9310E-007
1425.098000,8.2540E-007
1425.376800,7.6740E-007
1425.655600,8.2890E-007
1425.934400,8.7260E-007
1426.213200,8.0530E-007
1426.492000,8.0950E-007
1426.770800,8.3930E-007
1427.049600,8.4410E-007
1427.328400,9.2890E-007
1427.607200,8.6530E-007
1427.886000,8.4180E-007
1428.164800,9.0230E-007
1428.443600,8.8510E-007
1428.722400,8.7850E-007
1429.001200,9.1890E-007
1429.280000,8.7220E-007
1429.558800,8.6960E-007
1429.837600,9.0670E-007
1430.116400,9.0720E-007
1430.395200,9.1860E-007
1430.674000,8.9740E-007
1430.952800,9.1460E-007
1431.231600,9.4810E-007
1431.510400,8.9580E-007
1431.789200,9.6340E-007
1432.068000,9.7120E-007
1432.346800,8.9760E-007
1432.625600,9.0470E-007
1432.904400,9.2260E-007
1433.183200,9.2200E-007
1433.462000,9.9040E-007
1433.740800,9.3840E-007
1434.019600,9.5260E-007
1434.298400,9.6850E-007
1434.577200,9.6520E-007
1434.856000,9.6740E-007
1435.134800,1.0140E-006
1435.413600,9.5510E-007
1435.692400,9.7390E-007
1435.971200,9.6210E-007
1436.250000,1.0190E-006
1436.528800,9.8300E-007
1436.807600,1.0190E-006
1437.086400,1.0140E-006
1437.365200,9.9210E-007
1437.644000,1.0080E-006
1437.922800,1.0010E-006
1438.201600,1.0170E-006
1438.480400,1.0950E-006
1438.759200,1.0600E-006
1439.038000,1.0670E-006
1439.316800,1.0170E-006
1439.595600,1.0280E-006
1439.874400,1.0790E-006
1440.153200,9.9760E-007
1440.432000,1.0950E-006
1440.710800,1.0680E-006
1440.989600,1.0760E-006
1441.268400,1.0800E-006
1441.547200,1.0650E-006
1441.826000,1.0850E-006
1442.104800,1.0820E-006
1442.383600,1.0940E-006
1442.662400,1.0360E-006
1442.941200,1.0890E-006
1443.220000,1.1220E-006
1443.498800,1.0980E-006
1443.777600,1.1260E-006
1444.056400,1.1190E-006
1444.335200,1.1100E-006
1444.614000,1.1370E-006
1444.892800,1.1530E-006
1445.171600,1.1380E-006
1445.450400,1.0780E-006
1445.729200,1.2070E-006
1446.008000,1.1510E-006
1446.286800,1.1930E-006
1446.565600,1.1000E-006
1446.844400,1.1900E-006
1447.123200,1.1490E-006
1447.402000,1.2040E-006
1447.680800,1.2100E-006
1447.959600,1.2120E-006
1448.238400,1.2040E-006
1448.517200,1.1840E-006
1448.796000,1.2240E-006
1449.074800,1.2030E-006
1449.353600,1.2320E-006
1449.632400,1.2040E-006
1449.911200,1.2050E-006
1450.190000,1.2630E-006
1450.468800,1.2530E-006
1450.747600,1.2560E-006
1451.026400,1.2550E-006
1451.305200,1.2420E-006
1451.584000,1.2700E-006
1451.862800,1.2620E-006
1452.141600,1.2970E-006
1452.420400,1.2620E-006
1452.699200,1.3150E-006
1452.978000,1.2930E-006
1453.256800,1.2890E-006
1453.535600,1.2970E-006
1453.814400,1.3780E-006
1454.093200,1.2170E-006
1454.372000,1.3360E-006
1454.650800,1.3940E-006
1454.929600,1.3320E-006
1455.208400,1.3550E-006
1455.487200,1.3600E-006
1455.766000,1.3640E-006
1456.044800,1.3890E-006
1456.323600,1.3850E-006
1456.602400,1.4100E-006
1456.881200,1.4360E-006
1457.160000,1.3950E-006
1457.438800,1.4070E-006
1457.717600,1.3970E-006
1457.996400,1.3870E-006
1458.275200,1.3890E-006
1458.554000,1.4070E-006
1458.832800,1.4490E-006
1459.111600,1.4340E-006
1459.390400,1.4430E-006
1459.669200,1.4520E-006
1459.948000,1.4300E-006
1460.226800,1.4530E-006
1460.505600,1.4710E-006
1460.784400,1.4460E-006
1461.063200,1.4840E-006
1461.342000,1.5190E-006
1461.620800,1.4760E-006
1461.899600,1.4720E-006
1462.178400,1.5140E-006
1462.457200,1.5000E-006
1462.736000,1.4820E-006
1463.014800,1.5010E-006
1463.293600,1.5510E-006
1463.572400,1.5640E-006
1463.851200,1.5320E-006
1464.130000,1.6410E-006
1464.408800,1.5610E-006
1464.687600,1.5660E-006
1464.966400,1.5700E-006
1465.245200,1.5490E-006
1465.524000,1.6220E-006
1465.802800,1.6110E-006
1466.081600,1.6500E-006
1466.360400,1.6240E-006
1466.639200,1.6930E-006
1466.918000,1.6350E-006
1467.196800,1.6320E-006
1467.475600,1.6170E-006
1467.754400,1.6700E-006
1468.033200,1.7030E-006
1468.312000,1.6230E-006
1468.590800,1.7080E-006
1468.869600,1.6880E-006
1469.148400,1.7100E-006
1469.427200,1.7510E-006
1469.706000,1.7070E-006
1469.984800,1.6960E-006
1470.263600,1.7820E-006
1470.542400,1.7650E-006
1470.821200,1.7680E-006
1471.100000,1.7590E-006
1471.378800,1.7720E-006
1471.657600,1.7700E-006
1471.936400,1.8350E-006
1472.215200,1.7720E-006
1472.494000,1.8490E-006
1472.772800,1.8210E-006
1473.051600,1.8400E-006
1473.330400,1.8580E-006
1473.609200,1.8930E-006
1473.888000,1.9020E-006
1474.166800,1.8590E-006
1474.445600,1.8830E-006
1474.724400,1.8840E-006
1475.003200,1.9330E-006
1475.282000,1.9150E-006
1475.560800,1.9460E-006
1475.839600,1.9560E-006
1476.118400,1.9970E-006
1476.397200,1.9680E-006
1476.676000,2.0060E-006
1476.954800,1.9220E-006
1477.233600,1.9750E-006
1477.512400,2.0640E-006
1477.791200,1.9880E-006
1478.070000,2.0780E-006
1478.348800,2.0610E-006
1478.627600,2.0520E-006
1478.906400,2.0700E-006
1479.185200,2.0810E-006
1479.464000,2.1120E-006
1479.742800,2.0720E-006
1480.021600,2.1470E-006
1480.300400,2.1550E-006
1480.579200,2.1830E-006
1480.858000,2.1580E-006
1481.136800,2.1470E-006
1481.415600,2.2740E-006
1481.694400,2.2260E-006
1481.973200,2.2130E-006
1482.252000,2.2500E-006
1482.530800,2.2580E-006
1482.809600,2.3120E-006
1483.088400,2.3150E-006
1483.367200,2.3120E-006
1483.646000,2.3120E-006
1483.924800,2.3140E-006
1484.203600,2.4220E-006
1484.482400,2.3490E-006
1484.761200,2.4120E-006
1485.040000,2.4490E-006
1485.318800,2.4280E-006
1485.597600,2.4980E-006
1485.876400,2.4920E-006
1486.155200,2.5190E-006
1486.434000,2.4920E-006
1486.712800,2.5510E-006
1486.991600,2.5720E-006
1487.270400,2.5460E-006
1487.549200,2.5760E-006
1487.828000,2.5800E-006
1488.106800,2.6630E-006
1488.385600,2.6050E-006
1488.664400,2.6650E-006
1488.943200,2.7160E-006
1489.222000,2.7730E-006
1489.500800,2.7360E-006
1489.779600,2.7400E-006
1490.058400,2.7760E-006
1490.337200,2.8020E-006
1490.616000,2.8410E-006
1490.894800,2.8660E-006
1491.173600,2.8650E-006
1491.452400,2.8710E-006
1491.731200,2.9200E-006
1492.010000,2.9760E-006
1492.288800,2.9740E-006
1492.567600,2.9860E-006
1492.846400,3.0450E-006
1493.125200,3.0460E-006
1493.404000,3.0870E-006
1493.682800,3.0700E-006
1493.961600,3.1570E-006
1494.240400,3.1230E-006
1494.519200,3.1620E-006
1494.798000,3.1930E-006
1495.076800,3.2200E-006
1495.355600,3.2930E-006
1495.634400,3.2690E-006
1495.913200,3.2900E-006
1496.192000,3.3120E-006
1496.470800,3.3780E-006
1496.749600,3.3890E-006
1497.028400,3.4820E-006
1497.307200,3.5270E-006
1497.586000,3.5760E-006
1497.864800,3.6240E-006
1498.143600,3.6420E-006
1498.422400,3.6290E-006
1498.701200,3.7030E-006
1498.980000,3.7010E-006
1499.258800,3.7720E-006
1499.537600,3.7320E-006
1499.816400,3.7970E-006
1500.095200,3.7780E-006
1500.374000,3.8230E-006
1500.652800,3.7980E-006
1500.931600,3.8580E-006
1501.210400,3.9220E-006
1501.489200,3.9990E-006
1501.768000,4.1050E-006
1502.046800,4.1540E-006
1502.325600,4.1760E-006
1502.604400,4.2590E-006
1502.883200,4.4050E-006
1503.162000,4.4350E-006
1503.440800,4.4720E-006
1503.719600,4.6680E-006
1503.998400,4.7090E-006
1504.277200,4.7820E-006
1504.556000,4.8220E-006
1504.834800,4.8790E-006
1505.113600,4.8940E-006
1505.392400,4.9970E-006
1505.671200,5.0170E-006
1505.950000,5.0570E-006
1506.228800,5.0360E-006
1506.507600,5.1630E-006
1506.786400,5.2220E-006
1507.065200,5.2390E-006
1507.344000,5.3420E-006
1507.622800,5.3810E-006
1507.901600,5.4420E-006
1508.180400,5.5490E-006
1508.459200,5.6950E-006
1508.738000,5.7610E-006
1509.016800,5.8430E-006
1509.295600,5.9610E-006
1509.574400,6.2190E-006
1509.853200,6.5140E-006
1510.132000,6.6790E-006
1510.410800,7.0800E-006
1510.689600,7.5160E-006
1510.968400,7.8240E-006
1511.247200,7.9820E-006
1511.526000,8.1620E-006
1511.804800,8.4940E-006
1512.083600,8.9210E-006
1512.362400,9.1670E-006
1512.641200,9.3690E-006
1512.920000,9.6550E-006
1513.198800,1.0080E-005
1513.477600,1.0310E-005
1513.756400,1.0450E-005
1514.035200,1.0800E-005
1514.314000,1.1450E-005
1514.592800,1.1910E-005
1514.871600,1.2150E-005
1515.150400,1.2570E-005
1515.429200,1.3200E-005
1515.708000,1.3780E-005
1515.986800,1.4140E-005
1516.265600,1.5390E-005
1516.544400,1.6600E-005
1516.823200,1.7330E-005
1517.102000,1.7470E-005
1517.380800,1.8030E-005
1517.659600,1.9970E-005
1517.938400,2.0630E-005
1518.217200,2.1680E-005
1518.496000,2.3370E-005
1518.774800,2.4720E-005
1519.053600,2.5790E-005
1519.332400,2.6330E-005
1519.611200,2.7320E-005
1519.890000,2.8050E-005
1520.168800,2.9580E-005
1520.447600,3.2260E-005
1520.726400,3.5010E-005
1521.005200,3.9380E-005
1521.284000,4.3150E-005
1521.562800,4.9510E-005
1521.841600,5.9890E-005
1522.120400,6.5250E-005
1522.399200,6.9580E-005
1522.678000,7.9260E-005
1522.956800,9.3770E-005
1523.235600,1.1780E-004
1523.514400,1.4080E-004
1523.793200,1.6640E-004
1524.072000,2.0160E-004
1524.350800,2.3600E-004
1524.629600,2.9390E-004
1524.908400,3.5330E-004
1525.187200,4.3110E-004
1525.466000,5.3320E-004
1525.744800,6.3130E-004
1526.023600,7.4670E-004
1526.302400,9.3650E-004
1526.581200,1.1420E-003
1526.860000,1.3360E-003
1527.138800,1.5670E-003
1527.417600,1.8370E-003
1527.696400,2.1340E-003
1527.975200,2.3730E-003
1528.254000,2.5890E-003
1528.532800,2.8450E-003
1528.811600,3.1170E-003
1529.090400,3.3260E-003
1529.369200,3.4950E-003
1529.648000,3.6690E-003
1529.926800,3.9520E-003
1530.205600,4.1740E-003
1530.484400,4.1790E-003
1530.763200,4.1020E-003
1531.042000,4.0800E-003
1531.320800,4.0000E-003
1531.599600,3.8440E-003
1531.878400,3.8140E-003
1532.157200,3.8730E-003
1532.436000,3.7460E-003
1532.714800,3.5640E-003
1532.993600,3.3590E-003
1533.272400,3.0890E-003
1533.551200,2.8860E-003
1533.830000,2.7460E-003
1534.108800,2.5730E-003
1534.387600,3.5040E-003
1534.666400,8.4440E-003
1534.945200,1.2860E-002
1535.224000,1.1550E-002
1535.502800,8.8140E-003
1535.781600,8.0750E-003
1536.060400,7.2010E-003
1536.339200,5.2670E-003
1536.618000,3.9070E-003
1536.896800,3.7730E-003
1537.175600,3.6580E-003
1537.454400,3.2520E-003
1537.733200,2.8380E-003
1538.012000,2.7030E-003
1538.290800,2.7420E-003
1538.569600,3.0090E-003
1538.848400,4.4280E-003
1539.127200,5.7950E-003
1539.406000,6.6390E-003
1539.684800,7.8410E-003
1539.963600,9.0050E-003
1540.242400,8.2720E-003
1540.521200,7.3720E-003
1540.800000,1.0190E-002
1541.078800,1.5160E-002
1541.357600,1.8420E-002
1541.636400,1.6970E-002
1541.915200,1.1650E-002
1542.194000,8.1540E-003
1542.472800,9.9190E-003
1542.751600,1.5040E-002
1543.030400,1.9990E-002
1543.309200,2.1930E-002
1543.588000,2.2920E-002
1543.866800,2.4470E-002
1544.145600,2.4660E-002
1544.424400,3.3250E-002
1544.703200,7.7410E-002
1544.982000,1.3520E-001
1545.260800,1.4040E-001
1545.539600,1.0940E-001
1545.818400,9.0200E-002
1546.097200,7.9390E-002
1546.376000,6.7220E-002
1546.654800,5.8780E-002
1546.933600,5.3060E-002
1547.212400,6.0620E-002
1547.491200,6.3170E-002
1547.770000,5.0210E-002
1548.048800,3.5640E-002
1548.327600,3.1610E-002
1548.606400,3.9320E-002
1548.885200,5.6060E-002
1549.164000,7.1030E-002
1549.442800,7.9680E-002
1549.721600,7.7710E-002
1550.000400,6.5880E-002
1550.279200,4.9880E-002
1550.558000,3.8670E-002
1550.836800,3.5260E-002
1551.115600,3.5320E-002
1551.394400,3.9050E-002
1551.673200,4.6320E-002
1551.952000,5.5490E-002
1552.230800,6.1990E-002
1552.509600,6.7170E-002
1552.788400,8.4880E-002
1553.067200,9.8790E-002
1553.346000,9.9420E-002
1553.624800,1.1760E-001
1553.903600,1.0900E-001
1554.182400,8.0690E-002
1554.461200,6.0850E-002
1554.740000,5.9550E-002
1555.018800,6.6530E-002
1555.297600,7.0240E-002
1555.576400,6.7180E-002
1555.855200,6.1340E-002
1556.134000,6.2820E-002
1556.412800,7.1810E-002
1556.691600,8.0120E-002
1556.970400,8.3550E-002
1557.249200,8.2830E-002
1557.528000,7.2380E-002
1557.806800,5.6980E-002
1558.085600,4.7560E-002
1558.364400,5.3470E-002
1558.643200,7.4020E-002
1558.922000,9.8010E-002
1559.200800,1.1000E-001
1559.479600,1.0690E-001
1559.758400,9.3050E-002
1560.037200,7.5080E-002
1560.316000,6.0250E-002
1560.594800,5.2950E-002
1560.873600,5.2470E-002
1561.152400,5.8230E-002
1561.431200,6.9960E-002
1561.710000,8.3910E-002
1561.988800,9.2700E-002
1562.267600,9.1750E-002
1562.546400,8.9860E-002
1562.825200,9.1970E-002
1563.104000,9.3910E-002
1563.382800,9.0110E-002
1563.661600,8.5610E-002
1563.940400,8.1690E-002
1564.219200,7.5090E-002
1564.498000,6.2680E-002
1564.776800,4.9710E-002
1565.055600,3.9460E-002
1565.334400,3.5660E-002
1565.613200,3.5630E-002
1565.892000,3.7120E-002
1566.170800,3.7750E-002
1566.449600,3.5940E-002
1566.728400,3.3090E-002
1567.007200,3.0280E-002
1567.286000,2.8650E-002
1567.564800,2.8690E-002
1567.843600,3.0380E-002
1568.122400,3.2010E-002
1568.401200,3.3990E-002
1568.680000,3.6990E-002
1568.958800,3.9640E-002
1569.237600,4.1030E-002
1569.516400,3.8610E-002
1569.795200,3.4460E-002
1570.074000,3.1040E-002
1570.352800,2.9660E-002
1570.631600,3.0990E-002
1570.910400,3.2660E-002
1571.189200,3.1850E-002
1571.468000,2.7340E-002
1571.746800,2.3110E-002
1572.025600,2.2890E-002
1572.304400,2.5080E-002
1572.583200,2.4720E-002
1572.862000,2.2240E-002
1573.140800,2.0660E-002
1573.419600,2.0700E-002
1573.698400,2.1910E-002
1573.977200,2.2400E-002
1574.256000,2.1680E-002
1574.534800,2.1250E-002
1574.813600,2.2200E-002
1575.092400,2.3180E-002
1575.371200,2.3520E-002
1575.650000,2.2850E-002
1575.928800,2.1820E-002
1576.207600,2.1590E-002
1576.486400,2.1700E-002
1576.765200,2.1300E-002
1577.044000,2.1040E-002
1577.322800,2.0190E-002
1577.601600,1.9390E-002
1577.880400,1.9080E-002
1578.159200,1.9060E-002
1578.438000,1.9100E-002
1578.716800,1.9160E-002
1578.995600,1.9490E-002
1579.274400,1.9770E-002
1579.553200,2.0270E-002
1579.832000,2.0620E-002
1580.110800,2.1240E-002
1580.389600,2.1130E-002
1580.668400,2.1030E-002
1580.947200,2.0840E-002
1581.226000,2.0490E-002
1581.504800,1.9840E-002
1581.783600,1.9500E-002
1582.062400,1.9780E-002
1582.341200,1.9600E-002
1582.620000,1.9690E-002
1582.898800,2.0140E-002
1583.177600,2.0860E-002
1583.456400,2.1350E-002
1583.735200,2.1780E-002
1584.014000,2.1940E-002
1584.292800,2.2270E-002
1584.571600,2.2090E-002
1584.850400,2.1690E-002
1585.129200,2.1640E-002
1585.408000,2.1270E-002
1585.686800,2.0890E-002
1585.965600,2.0650E-002
1586.244400,1.9970E-002
1586.523200,1.9550E-002
1586.802000,1.8890E-002
1587.080800,1.8220E-002
1587.359600,1.7690E-002
1587.638400,1.7480E-002
1587.917200,1.7660E-002
1588.196000,1.7860E-002
1588.474800,1.7880E-002
1588.753600,1.7820E-002
1589.032400,1.7440E-002
1589.311200,1.6730E-002
1589.590000,1.5760E-002
1589.868800,1.4970E-002
1590.147600,1.4200E-002
1590.426400,1.4030E-002
1590.705200,1.3650E-002
1590.984000,1.3550E-002
1591.262800,1.3690E-002
1591.541600,1.3490E-002
1591.820400,1.2980E-002
1592.099200,1.2390E-002
1592.378000,1.1750E-002
1592.656800,1.0690E-002
1592.935600,1.0140E-002
1593.214400,9.5300E-003
1593.493200,9.2600E-003
1593.772000,9.2640E-003
1594.050800,9.2720E-003
1594.329600,9.1720E-003
1594.608400,8.7830E-003
1594.887200,8.1500E-003
1595.166000,7.3970E-003
1595.444800,6.8020E-003
1595.723600,6.4320E-003
1596.002400,6.2850E-003
1596.281200,6.2170E-003
1596.560000,5.9940E-003
1596.838800,5.6110E-003
1597.117600,5.0870E-003
1597.396400,4.6040E-003
1597.675200,4.2790E-003
1597.954000,4.1320E-003
1598.232800,4.0540E-003
1598.511600,3.9010E-003
1598.790400,3.5670E-003
1599.069200,3.1880E-003
1599.348000,2.8150E-003
1599.626800,2.5770E-003
1599.905600,2.4460E-003
1600.184400,2.3370E-003
1600.463200,2.1780E-003
1600.742000,1.9810E-003
1601.020800,1.7810E-003
1601.299600,1.6250E-003
1601.578400,1.5050E-003
1601.857200,1.3830E-003
1602.136000,1.2400E-003
1602.414800,1.0960E-003
1602.693600,9.7740E-004
1602.972400,8.8530E-004
1603.251200,8.2270E-004
1603.530000,7.4910E-004
1603.808800,6.4690E-004
1604.087600,5.5830E-004
1604.366400,4.9490E-004
1604.645200,4.4100E-004
1604.924000,3.8510E-004
1605.202800,3.2530E-004
1605.481600,2.7840E-004
1605.760400,2.4440E-004
1606.039200,2.1300E-004
1606.318000,1.8150E-004
1606.596800,1.5510E-004
1606.875600,1.3300E-004
1607.154400,1.1290E-004
1607.433200,9.3370E-005
1607.712000,8.0210E-005
1607.990800,7.4930E-005
1608.269600,6.5710E-005
1608.548400,5.3310E-005
1608.827200,4.5570E-005
1609.106000,4.7000E-005
1609.384800,4.6460E-005
1609.663600,3.9170E-005
1609.942400,3.5270E-005
1610.221200,4.0920E-005
1610.500000,4.5530E-005
1610.778800,4.1190E-005
1611.057600,3.7420E-005
1611.336400,4.3660E-005
1611.615200,4.9470E-005
1611.894000,4.7610E-005
1612.172800,4.5170E-005
1612.451600,5.0710E-005
1612.730400,5.4290E-005
1613.009200,5.0950E-005
1613.288000,5.0540E-005
1613.566800,5.7140E-005
1613.845600,5.9230E-005
1614.124400,5.4400E-005
1614.403200,5.5020E-005
1614.682000,6.0850E-005
1614.960800,6.0250E-005
1615.239600,5.6860E-005
1615.518400,5.8220E-005
1615.797200,5.9670E-005
1616.076000,5.5550E-005
1616.354800,5.4160E-005
1616.633600,5.6210E-005
1616.912400,5.3740E-005
1617.191200,4.9440E-005
1617.470000,4.8620E-005
1617.748800,4.7920E-005
1618.027600,4.4540E-005
1618.306400,4.2270E-005
1618.585200,4.0860E-005
1618.864000,3.7340E-005
1619.142800,3.4870E-005
1619.421600,3.4040E-005
1619.700400,3.0910E-005
1619.979200,2.7360E-005
1620.258000,2.6730E-005
1620.536800,2.5160E-005
1620.815600,2.2170E-005
1621.094400,2.0750E-005
1621.373200,1.9190E-005
1621.652000,1.7840E-005
1621.930800,1.6550E-005
1622.209600,1.5390E-005
1622.488400,1.3680E-005
1622.767200,1.3020E-005
1623.046000,1.2630E-005
1623.324800,1.1540E-005
1623.603600,1.0760E-005
1623.882400,1.0650E-005
1624.161200,9.9830E-006
1624.440000,9.9770E-006
1624.718800,9.5980E-006
1624.997600,8.9920E-006
1625.276400,9.1330E-006
1625.555200,9.1770E-006
1625.834000,8.7040E-006
1626.112800,8.7980E-006
1626.391600,8.9260E-006
1626.670400,8.5580E-006
1626.949200,8.6790E-006
1627.228000,8.5960E-006
1627.506800,8.4350E-006
1627.785600,8.5420E-006
1628.064400,8.2470E-006
1628.343200,8.2800E-006
1628.622000,8.2290E-006
1628.900800,7.9280E-006
1629.179600,7.6680E-006
1629.458400,7.6660E-006
1629.737200,7.4600E-006
1630.016000,7.3600E-006
1630.294800,6.9730E-006
1630.573600,6.9240E-006
1630.852400,6.6630E-006
1631.131200,6.3650E-006
1631.410000,6.2710E-006
1631.688800,5.9800E-006
1631.967600,6.0680E-006
1632.246400,5.7910E-006
1632.525200,5.6140E-006
1632.804000,5.5730E-006
1633.082800,5.4130E-006
1633.361600,5.2550E-006
1633.640400,5.1370E-006
1633.919200,5.0720E-006
1634.198000,4.9800E-006
1634.476800,4.8190E-006
1634.755600,4.8190E-006
1635.034400,4.6040E-006
1635.313200,4.5040E-006
1635.592000,4.4500E-006
1635.870800,4.4100E-006
1636.149600,4.3520E-006
1636.428400,4.4110E-006
1636.707200,4.1430E-006
1636.986000,4.1710E-006
1637.264800,4.1620E-006
1637.543600,4.1700E-006
1637.822400,4.0080E-006
1638.101200,4.1760E-006
1638.380000,3.9450E-006
1638.658800,4.1020E-006
1638.937600,3.9920E-006
1639.216400,4.0270E-006
1639.495200,3.9700E-006
1639.774000,4.1140E-006
1640.052800,3.9970E-006
1640.331600,3.8590E-006
1640.610400,4.0120E-006
1640.889200,4.0280E-006
1641.168000,4.0490E-006
1641.446800,3.9880E-006
1641.725600,3.9160E-006
1642.004400,4.0720E-006
1642.283200,3.8960E-006
1642.562000,3.8360E-006
1642.840800,3.8100E-006
1643.119600,3.8410E-006
1643.398400,3.6940E-006
1643.677200,3.7170E-006
1643.956000,3.6250E-006
1644.234800,3.6960E-006
1644.513600,3.6420E-006
1644.792400,3.6320E-006
1645.071200,3.5890E-006
1645.350000,3.6400E-006
1645.628800,3.5470E-006
1645.907600,3.5630E-006
1646.186400,3.5870E-006
1646.465200,3.6450E-006
1646.744000,3.4720E-006
1647.022800,3.6930E-006
1647.301600,3.6140E-006
1647.580400,3.6310E-006
1647.859200,3.5860E-006
1648.138000,3.5420E-006
1648.416800,3.5370E-006
1648.695600,3.6730E-006
1648.974400,3.5180E-006
1649.253200,3.6350E-006
1649.532000,3.5480E-006
1649.810800,3.5860E-006
1650.089600,3.5790E-006
1650.368400,3.7630E-006
1650.647200,3.5980E-006
1650.926000,3.5630E-006
1651.204800,3.6820E-006
1651.483600,3.4530E-006
1651.762400,3.7190E-006
1652.041200,3.7270E-006
1652.320000,3.6170E-006
1652.598800,3.5790E-006
1652.877600,3.5650E-006
1653.156400,3.7700E-006
1653.435200,3.6850E-006
1653.714000,3.6170E-006
1653.992800,3.6960E-006
1654.271600,3.6290E-006
1654.550400,3.6400E-006
1654.829200,3.7900E-006
1655.108000,3.6700E-006
1655.386800,3.6790E-006
1655.665600,3.7120E-006
1655.944400,3.7340E-006
1656.223200,3.8040E-006
1656.502000,3.9340E-006
1656.780800,3.6770E-006
1657.059600,3.8720E-006
1657.338400,3.6580E-006
1657.617200,3.7030E-006
1657.896000,3.8640E-006
1658.174800,3.7430E-006
1658.453600,3.8580E-006
1658.732400,3.8420E-006
1659.011200,3.8580E-006
1659.290000,4.0110E-006
1659.568800,3.9160E-006
1659.847600,4.0390E-006
1660.126400,4.0550E-006
1660.405200,4.0450E-006
1660.684000,3.8690E-006
1660.962800,3.9320E-006
1661.241600,4.1540E-006
1661.520400,4.0760E-006
1661.799200,3.8340E-006
1662.078000,4.1390E-006
1662.356800,4.1670E-006
1662.635600,4.0700E-006
1662.914400,4.1690E-006
1663.193200,4.2120E-006
1663.472000,4.1840E-006
1663.750800,4.2970E-006
1664.029600,4.4120E-006
1664.308400,4.2840E-006
1664.587200,4.1460E-006
1664.866000,4.3080E-006
1665.144800,4.3500E-006
1665.423600,4.4130E-006
1665.702400,4.4160E-006
1665.981200,4.2880E-006
1666.260000,4.5140E-006
1666.538800,4.6300E-006
1666.817600,4.5760E-006
1667.096400,4.4580E-006
1667.375200,4.6500E-006
1667.654000,4.6040E-006
1667.932800,4.7750E-006
1668.211600,4.7430E-006
1668.490400,4.8150E-006
1668.769200,4.7980E-006
1669.048000,4.8950E-006
1669.326800,4.9460E-006
1669.605600,4.9930E-006
1669.884400,4.9620E-006
1670.163200,4.8060E-006
1670.442000,5.1160E-006
1670.720800,5.1130E-006
1670.999600,5.2810E-006
1671.278400,5.4200E-006
1671.557200,5.4290E-006
1671.836000,5.4610E-006
1672.114800,5.4700E-006
1672.393600,5.5870E-006
1672.672400,5.6570E-006
1672.951200,5.6370E-006
1673.230000,5.6430E-006
1673.508800,5.7270E-006
1673.787600,5.7720E-006
1674.066400,5.8300E-006
1674.345200,5.9860E-006
1674.624000,6.0190E-006
1674.902800,6.0050E-006
1675.181600,6.0340E-006
1675.460400,6.0500E-006
1675.739200,6.1080E-006
1676.018000,6.3490E-006
1676.296800,6.4650E-006
1676.575600,6.4730E-006
1676.854400,6.3290E-006
1677.133200,6.6480E-006
1677.412000,6.6070E-006
1677.690800,6.9030E-006
1677.969600,6.8060E-006
1678.248400,6.9300E-006
1678.527200,6.9670E-006
1678.806000,7.2730E-006
1679.084800,7.1120E-006
1679.363600,7.3930E-006
1679.642400,7.2180E-006
1679.921200,7.1270E-006
1680.200000,7.1420E-006
1680.478800,7.7000E-006
1680.757600,7.2860E-006
1681.036400,7.5530E-006
1681.315200,7.6410E-006
1681.594000,7.7160E-006
1681.872800,7.6760E-006
1682.151600,7.6360E-006
1682.430400,7.9740E-006
1682.709200,7.7590E-006
1682.988000,7.9830E-006
1683.266800,8.0870E-006
1683.545600,8.1240E-006
1683.824400,8.3150E-006
1684.103200,8.1710E-006
1684.382000,7.9840E-006
1684.660800,8.5430E-006
1684.939600,8.6790E-006
1685.218400,8.6030E-006
1685.497200,8.7540E-006
1685.776000,8.7690E-006
1686.054800,8.7460E-006
1686.333600,8.6670E-006
1686.612400,8.5840E-006
1686.891200,8.7500E-006
1687.170000,8.8780E-006
1687.448800,9.6530E-006
1687.727600,8.9930E-006
1688.006400,8.8850E-006
1688.285200,8.9940E-006
1688.564000,9.2780E-006
1688.842800,9.2940E-006
1689.121600,9.8900E-006
1689.400400,9.2820E-006
1689.679200,9.3810E-006
1689.958000,9.1780E-006
1690.236800,9.2700E-006
1690.515600,9.5100E-006
1690.794400,9.5520E-006
1691.073200,9.8580E-006
1691.352000,9.8310E-006
1691.630800,9.5100E-006
1691.909600,9.4950E-006
1692.188400,9.4920E-006
1692.467200,1.0110E-005
1692.746000,1.0370E-005
1693.024800,1.0100E-005
1693.303600,1.0000E-005
1693.582400,1.0810E-005
1693.861200,9.5690E-006
1694.140000,9.7420E-006
1694.418800,9.7250E-006
1694.697600,1.0150E-005
1694.976400,1.0320E-005
1695.255200,1.0250E-005
1695.534000,1.0140E-005
1695.812800,1.0840E-005
1696.091600,1.0540E-005
1696.370400,1.0860E-005
1696.649200,1.0540E-005
1696.928000,1.0460E-005
1697.206800,1.0740E-005
1697.485600,1.0410E-005
1697.764400,1.1140E-005
1698.043200,1.0610E-005
1698.322000,1.0800E-005
1698.600800,1.1200E-005
1698.879600,1.0870E-005
1699.158400,1.0670E-005
1699.437200,1.0830E-005
1699.716000,1.0180E-005
1699.994800,1.0910E-005
1700.273600,1.1080E-005
1700.552400,1.0400E-005
1700.831200,1.0960E-005
1701.110000,1.1160E-005
1701.388800,9.7490E-006
1701.667600,1.0990E-005
1701.946400,1.0470E-005
1702.225200,1.1210E-005
1702.504000,1.0990E-005
1702.782800,1.0260E-005
1703.061600,1.1010E-005
1703.340400,1.0580E-005
1703.619200,1.0820E-005
1703.898000,1.1250E-005
1704.176800,1.2090E-005
1704.455600,1.1060E-005
1704.734400,1.1770E-005
1705.013200,1.0790E-005
1705.292000,1.1160E-005
1705.570800,1.1080E-005
1705.849600,1.1590E-005
1706.128400,1.1530E-005
1706.407200,1.1020E-005
1706.686000,1.1040E-005
1706.964800,1.1180E-005
1707.243600,1.1690E-005
1707.522400,1.0480E-005
1707.801200,1.0490E-005
1708.080000,1.1820E-005
1708.358800,1.0330E-005
1708.637600,1.1730E-005
1708.916400,1.1860E-005
1709.195200,1.2140E-005
1709.474000,1.2050E-005
1709.752800,1.2030E-005
1710.031600,1.1340E-005
1710.310400,1.2090E-005
1710.589200,1.1700E-005
1710.868000,1.1400E-005
1711.146800,1.0900E-005
1711.425600,1.1990E-005
1711.704400,1.2170E-005
1711.983200,1.1840E-005
1712.262000,1.1900E-005
1712.540800,1.0940E-005
1712.819600,1.0950E-005
1713.098400,1.1200E-005
1713.377200,1.2350E-005
1713.656000,1.2290E-005
1713.934800,1.3010E-005
1714.213600,1.2520E-005
1714.492400,1.0820E-005
1714.771200,1.1350E-005
1715.050000,1.1750E-005
1715.328800,1.2050E-005
1715.607600,1.1710E-005
1715.886400,1.1900E-005
1716.165200,1.1950E-005
1716.444000,1.2390E-005
1716.722800,1.4300E-005
1717.001600,1.1400E-005
1717.280400,1.3410E-005
1717.559200,1.2460E-005
1717.838000,1.2420E-005
1718.116800,1.2550E-005
1718.395600,1.2450E-005
1718.674400,1.2450E-005
1718.953200,1.3280E-005
1719.232000,1.3150E-005
1719.510800,1.5340E-005
1719.789600,1.1370E-005
1720.068400,1.4130E-005
1720.347200,1.3750E-005
1720.626000,1.2500E-005
1720.904800,1.4220E-005
1721.183600,1.4170E-005
1721.462400,1.3750E-005
1721.741200,1.2600E-005
1722.020000,1.3300E-005
1722.298800,1.4930E-005
1722.577600,1.3930E-005
1722.856400,1.4400E-005
1723.135200,1.4600E-005
1723.414000,1.3870E-005
1723.692800,1.4240E-005
1723.971600,1.3220E-005
1724.250400,1.4110E-005
1724.529200,1.4530E-005
1724.808000,1.3740E-005
1725.086800,1.4700E-005
1725.365600,1.4840E-005
1725.644400,1.5550E-005
1725.923200,1.5970E-005
1726.202000,1.4200E-005
1726.480800,1.4110E-005
1726.759600,1.6870E-005
1727.038400,1.4410E-005
1727.317200,1.5450E-005
1727.596000,1.4620E-005
1727.874800,1.5010E-005
1728.153600,1.7340E-005
1728.432400,1.6500E-005
1728.711200,1.3740E-005
1728.990000,1.5070E-005
1729.268800,1.5150E-005
1729.547600,1.6030E-005
1729.826400,1.7120E-005
1730.105200,1.6620E-005
1730.384000,1.5110E-005
1730.662800,1.7710E-005
1730.941600,1.7100E-005
1731.220400,1.6850E-005
1731.499200,1.8090E-005
1731.778000,1.8480E-005
1732.056800,1.7450E-005
1732.335600,1.8210E-005
1732.614400,1.6670E-005
1732.893200,1.4700E-005
1733.172000,1.5500E-005
1733.450800,1.8130E-005
1733.729600,1.7060E-005
1734.008400,1.6810E-005
1734.287200,1.6630E-005
1734.566000,1.8500E-005
1734.844800,1.7650E-005
1735.123600,1.8380E-005
1735.402400,1.9890E-005
1735.681200,1.9830E-005
1735.960000,1.9520E-005
1736.238800,1.6520E-005
1736.517600,1.5510E-005
1736.796400,1.9460E-005
1737.075200,1.9220E-005
1737.354000,2.0010E-005
1737.632800,1.9990E-005
1737.911600,1.6550E-005
1738.190400,1.8180E-005
1738.469200,1.8180E-005
1738.748000,1.8920E-005
1739.026800,1.8340E-005
1739.305600,1.9750E-005
1739.584400,1.7900E-005
1739.863200,2.0170E-005
1740.142000,1.8050E-005
1740.420800,1.8640E-005
1740.699600,2.0560E-005
1740.978400,2.2200E-005
1741.257200,1.9010E-005
1741.536000,2.1900E-005
1741.814800,1.9430E-005
1742.093600,2.3370E-005
1742.372400,2.2380E-005
1742.651200,2.3150E-005
1742.930000,2.0880E-005
1743.208800,2.3690E-005
1743.487600,2.3210E-005
1743.766400,2.1920E-005
1744.045200,1.9480E-005
1744.324000,2.0650E-005
1744.602800,2.0790E-005
1744.881600,2.1020E-005
1745.160400,2.3220E-005
1745.439200,2.2160E-005
1745.718000,2.4100E-005
1745.996800,2.5070E-005
1746.275600,2.0200E-005
1746.554400,2.2480E-005
1746.833200,2.3480E-005
1747.112000,2.2070E-005
1747.390800,2.2130E-005
1747.669600,1.9950E-005
1747.948400,2.1260E-005
1748.227200,2.2820E-005
1748.506000,2.2950E-005
1748.784800,2.0730E-005
1749.063600,2.4190E-005
1749.342400,2.0540E-005
1749.621200,2.1670E-005
1749.900000,2.4450E-005
