File,MUESTRA_0_13_2.csv,
Date/Time,23-02-16/18:46,

Center Wavelength,1471.1,nm
Span Wavelength,557.6,nm
Start Wavelength,1192.3,nm
Stop Wavelength,1749.9,nm
Value In Air/Vacuum,Vacuum,
Optical Attenuater,Off,
Resolution,0.5,nm
Actual Resolution,0.494,nm
VBW,2000,Hz
Point Average,Off,
Sweep Average,1,
Smooth,Off,
Sampling Points,2001,pt
Trace Type,Write,
Trace Storage Mode,Off,
Trace Calculate Trace 1,-,
Trace Calculate Trace 2,-,
Dynamic Range,Normal,
Ext-Trigger,Off,
Interval Time,Off,
MM Mode,Off,

Trace,A
Start,1192.3,nm
Stop,1749.9,nm
1192.300000,8.5110E-007
1192.578800,8.3670E-007
1192.857600,8.9950E-007
1193.136400,8.5450E-007
1193.415200,8.2280E-007
1193.694000,7.8710E-007
1193.972800,8.1850E-007
1194.251600,8.1900E-007
1194.530400,8.6520E-007
1194.809200,8.2710E-007
1195.088000,8.4780E-007
1195.366800,8.1330E-007
1195.645600,8.2320E-007
1195.924400,8.5140E-007
1196.203200,8.9850E-007
1196.482000,7.7260E-007
1196.760800,8.8510E-007
1197.039600,8.1570E-007
1197.318400,8.6850E-007
1197.597200,8.6700E-007
1197.876000,8.4930E-007
1198.154800,9.0570E-007
1198.433600,8.1010E-007
1198.712400,8.4960E-007
1198.991200,8.3140E-007
1199.270000,8.3920E-007
1199.548800,8.3530E-007
1199.827600,8.0650E-007
1200.106400,8.1970E-007
1200.385200,8.0840E-007
1200.664000,7.9600E-007
1200.942800,8.3910E-007
1201.221600,8.5000E-007
1201.500400,8.2180E-007
1201.779200,8.4400E-007
1202.058000,8.5730E-007
1202.336800,7.8000E-007
1202.615600,8.4460E-007
1202.894400,8.2370E-007
1203.173200,8.0530E-007
1203.452000,8.1500E-007
1203.730800,8.2730E-007
1204.009600,8.2390E-007
1204.288400,8.4190E-007
1204.567200,8.3900E-007
1204.846000,7.7940E-007
1205.124800,8.1990E-007
1205.403600,8.3150E-007
1205.682400,8.2940E-007
1205.961200,8.1570E-007
1206.240000,8.0260E-007
1206.518800,7.6340E-007
1206.797600,7.9000E-007
1207.076400,8.6010E-007
1207.355200,8.4170E-007
1207.634000,8.0670E-007
1207.912800,8.2010E-007
1208.191600,8.7890E-007
1208.470400,8.0610E-007
1208.749200,7.6240E-007
1209.028000,8.3900E-007
1209.306800,8.1420E-007
1209.585600,8.4740E-007
1209.864400,8.3500E-007
1210.143200,7.8170E-007
1210.422000,8.4670E-007
1210.700800,8.4360E-007
1210.979600,7.9540E-007
1211.258400,8.1520E-007
1211.537200,8.1510E-007
1211.816000,8.2050E-007
1212.094800,7.9570E-007
1212.373600,8.0440E-007
1212.652400,8.1030E-007
1212.931200,8.4330E-007
1213.210000,8.0400E-007
1213.488800,8.2490E-007
1213.767600,8.2810E-007
1214.046400,7.8400E-007
1214.325200,7.5720E-007
1214.604000,7.5440E-007
1214.882800,7.9930E-007
1215.161600,8.6450E-007
1215.440400,8.5460E-007
1215.719200,8.1690E-007
1215.998000,8.0370E-007
1216.276800,7.6530E-007
1216.555600,8.1820E-007
1216.834400,7.8420E-007
1217.113200,7.9810E-007
1217.392000,7.8190E-007
1217.670800,8.1800E-007
1217.949600,8.2970E-007
1218.228400,7.8230E-007
1218.507200,7.8160E-007
1218.786000,8.3130E-007
1219.064800,8.1740E-007
1219.343600,7.7920E-007
1219.622400,7.8730E-007
1219.901200,8.1940E-007
1220.180000,8.0470E-007
1220.458800,7.5390E-007
1220.737600,8.3260E-007
1221.016400,8.0440E-007
1221.295200,8.2820E-007
1221.574000,8.1300E-007
1221.852800,8.1040E-007
1222.131600,8.1960E-007
1222.410400,8.1290E-007
1222.689200,7.7160E-007
1222.968000,8.1570E-007
1223.246800,8.0940E-007
1223.525600,7.5900E-007
1223.804400,7.8960E-007
1224.083200,8.4100E-007
1224.362000,7.3830E-007
1224.640800,8.2020E-007
1224.919600,8.3060E-007
1225.198400,8.0310E-007
1225.477200,8.2440E-007
1225.756000,7.5240E-007
1226.034800,8.1120E-007
1226.313600,7.8310E-007
1226.592400,7.7580E-007
1226.871200,7.9620E-007
1227.150000,8.2440E-007
1227.428800,7.6800E-007
1227.707600,7.9270E-007
1227.986400,8.4490E-007
1228.265200,8.3810E-007
1228.544000,7.6530E-007
1228.822800,7.5960E-007
1229.101600,8.0240E-007
1229.380400,8.1180E-007
1229.659200,8.0970E-007
1229.938000,7.7360E-007
1230.216800,8.0970E-007
1230.495600,7.9740E-007
1230.774400,8.0560E-007
1231.053200,8.1010E-007
1231.332000,8.3020E-007
1231.610800,7.7780E-007
1231.889600,7.2750E-007
1232.168400,7.7020E-007
1232.447200,7.3220E-007
1232.726000,8.3580E-007
1233.004800,7.7070E-007
1233.283600,8.2880E-007
1233.562400,7.8070E-007
1233.841200,8.2290E-007
1234.120000,8.6550E-007
1234.398800,7.6170E-007
1234.677600,7.9600E-007
1234.956400,7.4980E-007
1235.235200,8.1660E-007
1235.514000,7.4400E-007
1235.792800,7.8270E-007
1236.071600,7.6040E-007
1236.350400,7.4320E-007
1236.629200,7.7660E-007
1236.908000,8.2070E-007
1237.186800,7.7960E-007
1237.465600,7.2790E-007
1237.744400,7.3750E-007
1238.023200,7.2990E-007
1238.302000,7.0700E-007
1238.580800,8.0840E-007
1238.859600,8.0400E-007
1239.138400,7.7340E-007
1239.417200,7.7250E-007
1239.696000,7.2800E-007
1239.974800,7.5420E-007
1240.253600,7.7290E-007
1240.532400,7.3940E-007
1240.811200,8.2520E-007
1241.090000,7.9140E-007
1241.368800,7.8690E-007
1241.647600,7.8890E-007
1241.926400,7.6820E-007
1242.205200,7.8900E-007
1242.484000,8.0960E-007
1242.762800,7.4720E-007
1243.041600,7.9280E-007
1243.320400,7.6280E-007
1243.599200,7.6360E-007
1243.878000,7.6490E-007
1244.156800,7.6170E-007
1244.435600,7.3080E-007
1244.714400,7.1820E-007
1244.993200,7.3580E-007
1245.272000,7.7080E-007
1245.550800,7.8280E-007
1245.829600,7.8670E-007
1246.108400,7.3890E-007
1246.387200,7.6690E-007
1246.666000,8.0190E-007
1246.944800,7.8440E-007
1247.223600,7.1110E-007
1247.502400,7.6310E-007
1247.781200,7.3190E-007
1248.060000,7.8630E-007
1248.338800,7.1450E-007
1248.617600,7.6120E-007
1248.896400,7.5820E-007
1249.175200,7.3120E-007
1249.454000,7.5870E-007
1249.732800,7.1410E-007
1250.011600,7.8650E-007
1250.290400,7.8170E-007
1250.569200,7.6240E-007
1250.848000,7.9690E-007
1251.126800,7.5040E-007
1251.405600,7.0810E-007
1251.684400,7.3190E-007
1251.963200,7.6850E-007
1252.242000,7.3460E-007
1252.520800,7.4550E-007
1252.799600,7.4930E-007
1253.078400,7.8050E-007
1253.357200,7.2310E-007
1253.636000,7.0420E-007
1253.914800,7.4520E-007
1254.193600,7.5370E-007
1254.472400,7.8610E-007
1254.751200,7.0580E-007
1255.030000,7.0330E-007
1255.308800,7.3520E-007
1255.587600,7.3500E-007
1255.866400,7.9370E-007
1256.145200,7.4850E-007
1256.424000,7.2500E-007
1256.702800,7.2650E-007
1256.981600,7.2500E-007
1257.260400,7.6100E-007
1257.539200,7.1920E-007
1257.818000,6.9770E-007
1258.096800,8.1040E-007
1258.375600,7.7380E-007
1258.654400,8.0790E-007
1258.933200,7.6170E-007
1259.212000,7.2420E-007
1259.490800,7.1320E-007
1259.769600,6.8480E-007
1260.048400,6.9850E-007
1260.327200,7.3410E-007
1260.606000,7.0680E-007
1260.884800,7.3690E-007
1261.163600,7.1950E-007
1261.442400,7.4550E-007
1261.721200,7.2950E-007
1262.000000,7.4830E-007
1262.278800,6.6950E-007
1262.557600,7.7890E-007
1262.836400,7.0930E-007
1263.115200,6.8880E-007
1263.394000,7.2720E-007
1263.672800,7.2850E-007
1263.951600,6.9050E-007
1264.230400,7.3480E-007
1264.509200,7.0670E-007
1264.788000,7.8530E-007
1265.066800,7.7270E-007
1265.345600,6.9640E-007
1265.624400,7.4380E-007
1265.903200,7.6740E-007
1266.182000,7.3970E-007
1266.460800,6.9770E-007
1266.739600,7.2400E-007
1267.018400,7.4270E-007
1267.297200,6.9350E-007
1267.576000,7.3410E-007
1267.854800,7.4470E-007
1268.133600,7.2960E-007
1268.412400,7.2170E-007
1268.691200,7.0760E-007
1268.970000,7.4000E-007
1269.248800,7.0780E-007
1269.527600,7.0500E-007
1269.806400,6.8640E-007
1270.085200,7.0150E-007
1270.364000,7.1650E-007
1270.642800,7.4790E-007
1270.921600,7.1920E-007
1271.200400,7.3530E-007
1271.479200,7.1330E-007
1271.758000,7.5960E-007
1272.036800,7.4790E-007
1272.315600,6.8860E-007
1272.594400,7.1730E-007
1272.873200,7.5080E-007
1273.152000,7.6060E-007
1273.430800,7.1460E-007
1273.709600,7.8240E-007
1273.988400,7.4740E-007
1274.267200,7.0770E-007
1274.546000,6.9430E-007
1274.824800,7.3830E-007
1275.103600,7.0440E-007
1275.382400,6.8460E-007
1275.661200,7.2510E-007
1275.940000,7.4780E-007
1276.218800,7.6740E-007
1276.497600,7.2360E-007
1276.776400,6.5150E-007
1277.055200,7.3030E-007
1277.334000,7.2220E-007
1277.612800,7.0370E-007
1277.891600,6.8940E-007
1278.170400,7.0170E-007
1278.449200,6.7480E-007
1278.728000,6.8520E-007
1279.006800,7.3450E-007
1279.285600,6.5880E-007
1279.564400,6.8600E-007
1279.843200,7.0770E-007
1280.122000,7.3040E-007
1280.400800,6.8490E-007
1280.679600,6.7750E-007
1280.958400,7.6890E-007
1281.237200,7.6730E-007
1281.516000,7.1610E-007
1281.794800,6.9080E-007
1282.073600,6.9910E-007
1282.352400,6.8210E-007
1282.631200,7.2210E-007
1282.910000,7.2440E-007
1283.188800,7.5690E-007
1283.467600,7.0720E-007
1283.746400,7.5390E-007
1284.025200,6.7210E-007
1284.304000,7.1190E-007
1284.582800,7.1740E-007
1284.861600,7.3420E-007
1285.140400,7.3570E-007
1285.419200,6.8190E-007
1285.698000,7.4490E-007
1285.976800,6.6560E-007
1286.255600,7.3630E-007
1286.534400,6.8780E-007
1286.813200,7.4360E-007
1287.092000,7.0720E-007
1287.370800,7.3880E-007
1287.649600,7.2590E-007
1287.928400,6.9010E-007
1288.207200,7.0260E-007
1288.486000,6.9610E-007
1288.764800,7.0420E-007
1289.043600,6.8670E-007
1289.322400,6.9140E-007
1289.601200,7.2780E-007
1289.880000,7.2310E-007
1290.158800,7.2710E-007
1290.437600,7.1110E-007
1290.716400,6.9290E-007
1290.995200,6.6750E-007
1291.274000,6.9080E-007
1291.552800,6.7080E-007
1291.831600,6.9900E-007
1292.110400,6.8760E-007
1292.389200,6.4880E-007
1292.668000,7.1220E-007
1292.946800,6.8060E-007
1293.225600,6.4700E-007
1293.504400,6.6010E-007
1293.783200,7.0000E-007
1294.062000,7.2090E-007
1294.340800,7.0810E-007
1294.619600,7.0310E-007
1294.898400,6.8150E-007
1295.177200,7.4470E-007
1295.456000,6.8270E-007
1295.734800,7.8380E-007
1296.013600,6.7730E-007
1296.292400,6.6160E-007
1296.571200,7.0850E-007
1296.850000,7.1690E-007
1297.128800,6.8750E-007
1297.407600,6.9360E-007
1297.686400,6.9480E-007
1297.965200,6.8900E-007
1298.244000,6.6010E-007
1298.522800,6.5850E-007
1298.801600,7.4230E-007
1299.080400,6.5570E-007
1299.359200,7.1360E-007
1299.638000,7.2080E-007
1299.916800,6.9870E-007
1300.195600,7.0290E-007
1300.474400,6.7140E-007
1300.753200,7.5000E-007
1301.032000,7.2690E-007
1301.310800,6.9380E-007
1301.589600,7.3430E-007
1301.868400,6.6140E-007
1302.147200,6.7500E-007
1302.426000,7.0570E-007
1302.704800,6.7270E-007
1302.983600,6.6270E-007
1303.262400,6.9490E-007
1303.541200,6.8260E-007
1303.820000,6.5870E-007
1304.098800,6.7680E-007
1304.377600,7.0450E-007
1304.656400,6.9740E-007
1304.935200,6.4080E-007
1305.214000,6.6880E-007
1305.492800,6.5130E-007
1305.771600,6.6690E-007
1306.050400,6.7590E-007
1306.329200,6.7870E-007
1306.608000,6.6790E-007
1306.886800,7.0480E-007
1307.165600,6.9270E-007
1307.444400,7.3520E-007
1307.723200,6.7940E-007
1308.002000,6.9680E-007
1308.280800,6.6240E-007
1308.559600,7.0540E-007
1308.838400,7.3980E-007
1309.117200,7.2420E-007
1309.396000,6.9020E-007
1309.674800,7.3180E-007
1309.953600,6.4420E-007
1310.232400,7.0700E-007
1310.511200,7.1440E-007
1310.790000,7.1750E-007
1311.068800,6.5410E-007
1311.347600,6.9570E-007
1311.626400,6.8820E-007
1311.905200,6.6890E-007
1312.184000,6.1910E-007
1312.462800,6.7930E-007
1312.741600,6.8560E-007
1313.020400,5.9380E-007
1313.299200,7.0690E-007
1313.578000,7.0060E-007
1313.856800,6.8700E-007
1314.135600,6.8960E-007
1314.414400,7.1500E-007
1314.693200,6.8370E-007
1314.972000,6.7810E-007
1315.250800,7.3180E-007
1315.529600,6.8400E-007
1315.808400,6.7830E-007
1316.087200,6.7870E-007
1316.366000,6.9200E-007
1316.644800,6.5990E-007
1316.923600,6.9000E-007
1317.202400,6.8980E-007
1317.481200,6.9250E-007
1317.760000,6.9960E-007
1318.038800,6.9690E-007
1318.317600,7.2300E-007
1318.596400,6.9500E-007
1318.875200,6.8820E-007
1319.154000,6.4390E-007
1319.432800,6.5250E-007
1319.711600,7.0180E-007
1319.990400,6.8270E-007
1320.269200,7.0980E-007
1320.548000,6.8570E-007
1320.826800,6.6750E-007
1321.105600,6.9260E-007
1321.384400,6.9450E-007
1321.663200,7.0410E-007
1321.942000,6.6660E-007
1322.220800,6.9830E-007
1322.499600,6.8500E-007
1322.778400,6.7780E-007
1323.057200,6.7000E-007
1323.336000,6.6970E-007
1323.614800,6.7760E-007
1323.893600,6.5910E-007
1324.172400,6.5730E-007
1324.451200,6.5530E-007
1324.730000,6.8340E-007
1325.008800,6.9080E-007
1325.287600,7.1510E-007
1325.566400,6.5640E-007
1325.845200,6.6190E-007
1326.124000,6.8610E-007
1326.402800,6.8530E-007
1326.681600,7.2130E-007
1326.960400,6.5270E-007
1327.239200,6.7440E-007
1327.518000,6.8080E-007
1327.796800,6.7540E-007
1328.075600,7.0370E-007
1328.354400,7.1120E-007
1328.633200,6.7960E-007
1328.912000,6.8850E-007
1329.190800,6.6040E-007
1329.469600,7.1090E-007
1329.748400,6.8310E-007
1330.027200,6.8600E-007
1330.306000,7.1590E-007
1330.584800,6.8160E-007
1330.863600,6.9660E-007
1331.142400,6.8550E-007
1331.421200,6.5800E-007
1331.700000,6.5220E-007
1331.978800,6.8680E-007
1332.257600,6.6170E-007
1332.536400,6.9160E-007
1332.815200,6.6910E-007
1333.094000,6.3810E-007
1333.372800,6.8350E-007
1333.651600,6.7180E-007
1333.930400,6.6980E-007
1334.209200,6.5920E-007
1334.488000,6.6520E-007
1334.766800,6.5940E-007
1335.045600,6.8570E-007
1335.324400,7.1940E-007
1335.603200,6.9070E-007
1335.882000,6.2720E-007
1336.160800,6.5270E-007
1336.439600,6.4680E-007
1336.718400,7.1090E-007
1336.997200,6.8360E-007
1337.276000,6.6080E-007
1337.554800,6.7270E-007
1337.833600,6.5400E-007
1338.112400,7.0950E-007
1338.391200,6.6860E-007
1338.670000,6.6200E-007
1338.948800,6.5340E-007
1339.227600,6.8920E-007
1339.506400,7.1200E-007
1339.785200,6.6900E-007
1340.064000,6.6380E-007
1340.342800,6.9180E-007
1340.621600,7.1060E-007
1340.900400,6.8040E-007
1341.179200,7.1850E-007
1341.458000,6.4420E-007
1341.736800,6.6100E-007
1342.015600,6.7090E-007
1342.294400,6.8310E-007
1342.573200,6.6070E-007
1342.852000,7.0750E-007
1343.130800,6.5900E-007
1343.409600,7.0670E-007
1343.688400,6.5300E-007
1343.967200,6.7730E-007
1344.246000,6.9180E-007
1344.524800,6.5540E-007
1344.803600,6.6170E-007
1345.082400,6.7380E-007
1345.361200,6.4210E-007
1345.640000,7.1310E-007
1345.918800,6.7830E-007
1346.197600,6.7050E-007
1346.476400,6.6800E-007
1346.755200,7.3270E-007
1347.034000,6.3200E-007
1347.312800,6.5370E-007
1347.591600,6.7070E-007
1347.870400,6.6500E-007
1348.149200,6.9530E-007
1348.428000,6.2380E-007
1348.706800,6.4580E-007
1348.985600,6.5580E-007
1349.264400,6.7430E-007
1349.543200,6.9960E-007
1349.822000,6.8040E-007
1350.100800,6.8840E-007
1350.379600,7.1310E-007
1350.658400,6.5790E-007
1350.937200,6.6390E-007
1351.216000,6.7150E-007
1351.494800,7.1050E-007
1351.773600,7.0140E-007
1352.052400,7.0320E-007
1352.331200,6.9120E-007
1352.610000,6.9700E-007
1352.888800,7.4090E-007
1353.167600,6.5960E-007
1353.446400,6.5710E-007
1353.725200,6.9190E-007
1354.004000,6.8730E-007
1354.282800,7.3470E-007
1354.561600,7.0200E-007
1354.840400,7.2780E-007
1355.119200,6.5710E-007
1355.398000,6.6660E-007
1355.676800,7.0820E-007
1355.955600,6.8370E-007
1356.234400,7.3070E-007
1356.513200,7.3890E-007
1356.792000,7.0470E-007
1357.070800,6.9640E-007
1357.349600,7.2580E-007
1357.628400,7.5030E-007
1357.907200,6.9350E-007
1358.186000,6.8510E-007
1358.464800,7.3490E-007
1358.743600,7.4220E-007
1359.022400,7.8760E-007
1359.301200,7.1840E-007
1359.580000,7.3710E-007
1359.858800,6.9780E-007
1360.137600,6.7500E-007
1360.416400,7.1640E-007
1360.695200,6.7190E-007
1360.974000,6.6440E-007
1361.252800,7.0810E-007
1361.531600,7.3690E-007
1361.810400,6.8110E-007
1362.089200,6.9840E-007
1362.368000,7.0340E-007
1362.646800,6.9910E-007
1362.925600,6.7170E-007
1363.204400,6.9650E-007
1363.483200,7.3310E-007
1363.762000,6.4980E-007
1364.040800,6.7880E-007
1364.319600,6.6300E-007
1364.598400,6.9940E-007
1364.877200,6.8600E-007
1365.156000,6.6110E-007
1365.434800,7.1110E-007
1365.713600,6.3560E-007
1365.992400,7.0040E-007
1366.271200,6.9590E-007
1366.550000,6.7980E-007
1366.828800,7.0920E-007
1367.107600,6.9760E-007
1367.386400,6.9640E-007
1367.665200,7.2070E-007
1367.944000,6.8650E-007
1368.222800,6.3640E-007
1368.501600,7.1470E-007
1368.780400,7.5090E-007
1369.059200,7.2230E-007
1369.338000,6.7480E-007
1369.616800,6.8610E-007
1369.895600,7.2990E-007
1370.174400,7.3180E-007
1370.453200,7.2680E-007
1370.732000,7.2980E-007
1371.010800,7.0600E-007
1371.289600,7.1890E-007
1371.568400,7.0590E-007
1371.847200,6.6740E-007
1372.126000,6.7370E-007
1372.404800,6.7540E-007
1372.683600,6.9260E-007
1372.962400,7.3980E-007
1373.241200,7.3830E-007
1373.520000,6.5220E-007
1373.798800,7.0440E-007
1374.077600,7.4380E-007
1374.356400,6.8700E-007
1374.635200,6.7020E-007
1374.914000,6.7870E-007
1375.192800,6.6230E-007
1375.471600,6.3680E-007
1375.750400,6.6260E-007
1376.029200,6.7900E-007
1376.308000,7.0540E-007
1376.586800,6.8710E-007
1376.865600,6.6580E-007
1377.144400,6.9730E-007
1377.423200,6.3410E-007
1377.702000,6.6390E-007
1377.980800,6.2480E-007
1378.259600,6.6280E-007
1378.538400,6.8830E-007
1378.817200,6.6010E-007
1379.096000,7.1000E-007
1379.374800,7.3060E-007
1379.653600,6.8470E-007
1379.932400,6.6670E-007
1380.211200,6.8230E-007
1380.490000,6.4900E-007
1380.768800,6.8050E-007
1381.047600,6.9550E-007
1381.326400,6.4630E-007
1381.605200,6.3240E-007
1381.884000,6.8690E-007
1382.162800,6.5060E-007
1382.441600,6.8010E-007
1382.720400,6.7010E-007
1382.999200,6.8570E-007
1383.278000,6.8660E-007
1383.556800,6.7890E-007
1383.835600,7.1580E-007
1384.114400,6.9340E-007
1384.393200,6.6860E-007
1384.672000,6.5290E-007
1384.950800,6.7420E-007
1385.229600,6.4640E-007
1385.508400,7.1950E-007
1385.787200,7.0410E-007
1386.066000,6.5050E-007
1386.344800,7.3590E-007
1386.623600,6.5710E-007
1386.902400,6.6890E-007
1387.181200,6.7850E-007
1387.460000,6.8350E-007
1387.738800,6.4380E-007
1388.017600,6.9550E-007
1388.296400,7.1560E-007
1388.575200,7.0700E-007
1388.854000,6.6480E-007
1389.132800,7.0950E-007
1389.411600,7.1990E-007
1389.690400,6.5020E-007
1389.969200,6.5690E-007
1390.248000,6.9710E-007
1390.526800,6.5150E-007
1390.805600,6.7220E-007
1391.084400,6.7140E-007
1391.363200,7.0850E-007
1391.642000,6.9050E-007
1391.920800,7.1630E-007
1392.199600,7.0590E-007
1392.478400,6.9410E-007
1392.757200,6.9800E-007
1393.036000,6.7940E-007
1393.314800,6.7950E-007
1393.593600,7.2330E-007
1393.872400,7.2370E-007
1394.151200,6.9850E-007
1394.430000,7.1800E-007
1394.708800,7.2900E-007
1394.987600,7.5480E-007
1395.266400,6.8910E-007
1395.545200,7.2860E-007
1395.824000,7.1830E-007
1396.102800,7.8220E-007
1396.381600,7.0780E-007
1396.660400,7.2130E-007
1396.939200,7.2300E-007
1397.218000,7.1480E-007
1397.496800,7.2230E-007
1397.775600,6.8600E-007
1398.054400,7.5180E-007
1398.333200,7.0260E-007
1398.612000,7.2700E-007
1398.890800,7.5150E-007
1399.169600,7.3770E-007
1399.448400,7.1270E-007
1399.727200,7.6880E-007
1400.006000,7.7250E-007
1400.284800,7.3220E-007
1400.563600,7.1350E-007
1400.842400,7.1460E-007
1401.121200,7.6210E-007
1401.400000,7.3020E-007
1401.678800,7.8630E-007
1401.957600,7.3500E-007
1402.236400,7.5540E-007
1402.515200,7.2740E-007
1402.794000,7.5970E-007
1403.072800,8.0820E-007
1403.351600,7.8320E-007
1403.630400,7.4830E-007
1403.909200,7.6840E-007
1404.188000,7.2770E-007
1404.466800,7.2230E-007
1404.745600,7.7210E-007
1405.024400,7.4660E-007
1405.303200,7.5000E-007
1405.582000,7.9800E-007
1405.860800,7.2690E-007
1406.139600,7.4870E-007
1406.418400,7.2310E-007
1406.697200,7.4930E-007
1406.976000,7.6550E-007
1407.254800,7.4190E-007
1407.533600,7.9210E-007
1407.812400,7.5970E-007
1408.091200,7.6160E-007
1408.370000,7.7350E-007
1408.648800,7.4540E-007
1408.927600,7.9330E-007
1409.206400,7.5670E-007
1409.485200,7.5500E-007
1409.764000,7.6270E-007
1410.042800,7.4160E-007
1410.321600,7.5350E-007
1410.600400,7.3730E-007
1410.879200,7.3790E-007
1411.158000,7.7020E-007
1411.436800,7.6590E-007
1411.715600,7.6750E-007
1411.994400,7.4240E-007
1412.273200,7.5750E-007
1412.552000,7.4720E-007
1412.830800,7.8250E-007
1413.109600,7.6760E-007
1413.388400,7.6420E-007
1413.667200,7.2240E-007
1413.946000,7.3150E-007
1414.224800,7.3990E-007
1414.503600,7.6620E-007
1414.782400,7.5030E-007
1415.061200,8.2220E-007
1415.340000,7.7350E-007
1415.618800,7.9100E-007
1415.897600,7.6990E-007
1416.176400,7.8760E-007
1416.455200,7.9730E-007
1416.734000,7.4780E-007
1417.012800,7.6100E-007
1417.291600,7.5200E-007
1417.570400,8.0790E-007
1417.849200,7.5640E-007
1418.128000,7.8550E-007
1418.406800,7.9250E-007
1418.685600,8.2120E-007
1418.964400,7.8420E-007
1419.243200,7.8190E-007
1419.522000,8.2370E-007
1419.800800,7.8920E-007
1420.079600,7.6950E-007
1420.358400,7.8530E-007
1420.637200,7.4860E-007
1420.916000,7.6780E-007
1421.194800,7.5430E-007
1421.473600,7.8670E-007
1421.752400,7.8580E-007
1422.031200,8.0950E-007
1422.310000,8.0450E-007
1422.588800,8.2110E-007
1422.867600,8.1780E-007
1423.146400,8.5090E-007
1423.425200,8.0870E-007
1423.704000,8.3450E-007
1423.982800,8.0440E-007
1424.261600,8.1510E-007
1424.540400,8.9250E-007
1424.819200,8.2370E-007
1425.098000,9.0920E-007
1425.376800,8.4540E-007
1425.655600,8.3530E-007
1425.934400,8.6050E-007
1426.213200,8.4320E-007
1426.492000,8.6120E-007
1426.770800,8.0580E-007
1427.049600,8.9280E-007
1427.328400,8.7030E-007
1427.607200,9.0490E-007
1427.886000,9.1590E-007
1428.164800,8.5120E-007
1428.443600,8.9110E-007
1428.722400,8.9020E-007
1429.001200,8.9050E-007
1429.280000,9.3870E-007
1429.558800,9.2390E-007
1429.837600,8.9560E-007
1430.116400,9.2690E-007
1430.395200,9.2870E-007
1430.674000,8.9130E-007
1430.952800,9.2570E-007
1431.231600,9.5450E-007
1431.510400,9.7410E-007
1431.789200,9.3680E-007
1432.068000,9.8120E-007
1432.346800,9.6140E-007
1432.625600,9.7370E-007
1432.904400,9.4740E-007
1433.183200,9.8910E-007
1433.462000,9.7390E-007
1433.740800,9.9170E-007
1434.019600,9.8010E-007
1434.298400,9.8600E-007
1434.577200,9.4040E-007
1434.856000,1.0060E-006
1435.134800,9.6680E-007
1435.413600,9.9290E-007
1435.692400,9.8400E-007
1435.971200,1.0100E-006
1436.250000,9.8910E-007
1436.528800,1.0480E-006
1436.807600,1.0070E-006
1437.086400,1.0150E-006
1437.365200,1.0290E-006
1437.644000,1.0350E-006
1437.922800,1.0050E-006
1438.201600,1.0900E-006
1438.480400,1.0360E-006
1438.759200,1.0330E-006
1439.038000,1.0850E-006
1439.316800,1.0700E-006
1439.595600,1.0740E-006
1439.874400,1.1220E-006
1440.153200,1.0680E-006
1440.432000,1.1210E-006
1440.710800,1.1130E-006
1440.989600,1.1060E-006
1441.268400,1.1470E-006
1441.547200,1.1010E-006
1441.826000,1.1190E-006
1442.104800,1.1210E-006
1442.383600,1.1710E-006
1442.662400,1.1430E-006
1442.941200,1.1070E-006
1443.220000,1.0860E-006
1443.498800,1.1590E-006
1443.777600,1.1730E-006
1444.056400,1.1390E-006
1444.335200,1.1740E-006
1444.614000,1.1600E-006
1444.892800,1.1820E-006
1445.171600,1.2270E-006
1445.450400,1.1970E-006
1445.729200,1.1770E-006
1446.008000,1.2090E-006
1446.286800,1.2070E-006
1446.565600,1.2090E-006
1446.844400,1.1910E-006
1447.123200,1.1970E-006
1447.402000,1.1900E-006
1447.680800,1.2530E-006
1447.959600,1.2210E-006
1448.238400,1.2710E-006
1448.517200,1.2310E-006
1448.796000,1.2520E-006
1449.074800,1.2990E-006
1449.353600,1.3030E-006
1449.632400,1.2320E-006
1449.911200,1.2880E-006
1450.190000,1.2830E-006
1450.468800,1.3020E-006
1450.747600,1.3260E-006
1451.026400,1.2930E-006
1451.305200,1.3240E-006
1451.584000,1.3490E-006
1451.862800,1.3730E-006
1452.141600,1.3410E-006
1452.420400,1.4180E-006
1452.699200,1.4120E-006
1452.978000,1.3120E-006
1453.256800,1.3330E-006
1453.535600,1.4280E-006
1453.814400,1.4420E-006
1454.093200,1.4150E-006
1454.372000,1.3620E-006
1454.650800,1.3990E-006
1454.929600,1.3950E-006
1455.208400,1.4500E-006
1455.487200,1.3790E-006
1455.766000,1.4270E-006
1456.044800,1.4670E-006
1456.323600,1.4180E-006
1456.602400,1.4630E-006
1456.881200,1.4320E-006
1457.160000,1.3870E-006
1457.438800,1.4540E-006
1457.717600,1.4740E-006
1457.996400,1.5100E-006
1458.275200,1.4540E-006
1458.554000,1.4710E-006
1458.832800,1.4540E-006
1459.111600,1.5210E-006
1459.390400,1.4900E-006
1459.669200,1.5010E-006
1459.948000,1.5540E-006
1460.226800,1.5290E-006
1460.505600,1.5460E-006
1460.784400,1.5280E-006
1461.063200,1.5190E-006
1461.342000,1.5610E-006
1461.620800,1.5490E-006
1461.899600,1.5620E-006
1462.178400,1.6080E-006
1462.457200,1.5960E-006
1462.736000,1.5960E-006
1463.014800,1.5870E-006
1463.293600,1.6240E-006
1463.572400,1.6980E-006
1463.851200,1.6000E-006
1464.130000,1.6530E-006
1464.408800,1.6430E-006
1464.687600,1.6310E-006
1464.966400,1.6680E-006
1465.245200,1.6520E-006
1465.524000,1.6600E-006
1465.802800,1.6920E-006
1466.081600,1.6540E-006
1466.360400,1.7180E-006
1466.639200,1.7330E-006
1466.918000,1.6830E-006
1467.196800,1.7370E-006
1467.475600,1.7020E-006
1467.754400,1.7140E-006
1468.033200,1.7390E-006
1468.312000,1.7620E-006
1468.590800,1.7920E-006
1468.869600,1.7810E-006
1469.148400,1.7820E-006
1469.427200,1.8120E-006
1469.706000,1.7880E-006
1469.984800,1.7980E-006
1470.263600,1.8680E-006
1470.542400,1.8040E-006
1470.821200,1.8520E-006
1471.100000,1.8910E-006
1471.378800,1.8640E-006
1471.657600,1.8820E-006
1471.936400,1.8800E-006
1472.215200,1.8790E-006
1472.494000,1.8830E-006
1472.772800,1.9200E-006
1473.051600,1.8600E-006
1473.330400,1.9630E-006
1473.609200,1.8690E-006
1473.888000,1.9900E-006
1474.166800,1.9500E-006
1474.445600,2.0460E-006
1474.724400,1.9990E-006
1475.003200,1.9820E-006
1475.282000,1.9730E-006
1475.560800,2.1060E-006
1475.839600,2.0270E-006
1476.118400,2.0210E-006
1476.397200,2.0310E-006
1476.676000,2.0970E-006
1476.954800,2.1010E-006
1477.233600,2.1000E-006
1477.512400,2.1020E-006
1477.791200,2.0720E-006
1478.070000,2.0770E-006
1478.348800,2.1620E-006
1478.627600,2.1750E-006
1478.906400,2.1300E-006
1479.185200,2.1620E-006
1479.464000,2.1990E-006
1479.742800,2.2150E-006
1480.021600,2.2440E-006
1480.300400,2.2120E-006
1480.579200,2.2380E-006
1480.858000,2.2660E-006
1481.136800,2.2540E-006
1481.415600,2.2320E-006
1481.694400,2.2760E-006
1481.973200,2.2980E-006
1482.252000,2.3550E-006
1482.530800,2.3400E-006
1482.809600,2.3550E-006
1483.088400,2.3840E-006
1483.367200,2.3940E-006
1483.646000,2.4130E-006
1483.924800,2.4470E-006
1484.203600,2.4560E-006
1484.482400,2.4310E-006
1484.761200,2.4780E-006
1485.040000,2.4670E-006
1485.318800,2.5180E-006
1485.597600,2.5280E-006
1485.876400,2.5600E-006
1486.155200,2.5690E-006
1486.434000,2.5590E-006
1486.712800,2.6150E-006
1486.991600,2.6530E-006
1487.270400,2.6400E-006
1487.549200,2.6220E-006
1487.828000,2.6760E-006
1488.106800,2.7030E-006
1488.385600,2.7270E-006
1488.664400,2.7220E-006
1488.943200,2.7610E-006
1489.222000,2.7280E-006
1489.500800,2.8100E-006
1489.779600,2.8510E-006
1490.058400,2.8230E-006
1490.337200,2.8780E-006
1490.616000,2.8900E-006
1490.894800,2.8910E-006
1491.173600,2.9250E-006
1491.452400,2.9410E-006
1491.731200,3.0310E-006
1492.010000,2.9860E-006
1492.288800,2.9910E-006
1492.567600,3.0940E-006
1492.846400,3.0960E-006
1493.125200,3.1490E-006
1493.404000,3.1460E-006
1493.682800,3.1310E-006
1493.961600,3.2300E-006
1494.240400,3.3090E-006
1494.519200,3.3000E-006
1494.798000,3.2410E-006
1495.076800,3.3770E-006
1495.355600,3.3510E-006
1495.634400,3.4020E-006
1495.913200,3.4600E-006
1496.192000,3.4280E-006
1496.470800,3.4760E-006
1496.749600,3.5130E-006
1497.028400,3.5050E-006
1497.307200,3.6460E-006
1497.586000,3.6860E-006
1497.864800,3.7330E-006
1498.143600,3.7170E-006
1498.422400,3.7220E-006
1498.701200,3.8510E-006
1498.980000,3.8690E-006
1499.258800,3.9140E-006
1499.537600,3.9730E-006
1499.816400,3.9820E-006
1500.095200,4.0270E-006
1500.374000,4.0140E-006
1500.652800,4.0140E-006
1500.931600,4.0860E-006
1501.210400,4.2020E-006
1501.489200,4.2700E-006
1501.768000,4.3550E-006
1502.046800,4.3780E-006
1502.325600,4.4350E-006
1502.604400,4.5420E-006
1502.883200,4.6590E-006
1503.162000,4.7630E-006
1503.440800,4.9180E-006
1503.719600,4.9190E-006
1503.998400,4.9480E-006
1504.277200,4.8240E-006
1504.556000,4.9820E-006
1504.834800,5.1170E-006
1505.113600,5.1130E-006
1505.392400,5.1810E-006
1505.671200,5.3850E-006
1505.950000,5.5330E-006
1506.228800,5.7010E-006
1506.507600,5.8580E-006
1506.786400,5.9720E-006
1507.065200,6.1900E-006
1507.344000,6.2590E-006
1507.622800,6.3820E-006
1507.901600,6.7190E-006
1508.180400,6.7840E-006
1508.459200,6.9030E-006
1508.738000,6.7600E-006
1509.016800,6.9970E-006
1509.295600,7.5230E-006
1509.574400,7.9780E-006
1509.853200,8.1970E-006
1510.132000,8.0860E-006
1510.410800,8.4530E-006
1510.689600,9.2480E-006
1510.968400,1.0070E-005
1511.247200,1.0430E-005
1511.526000,1.0780E-005
1511.804800,1.0790E-005
1512.083600,1.0550E-005
1512.362400,1.0680E-005
1512.641200,1.1130E-005
1512.920000,1.2240E-005
1513.198800,1.3120E-005
1513.477600,1.3650E-005
1513.756400,1.3780E-005
1514.035200,1.4290E-005
1514.314000,1.4760E-005
1514.592800,1.6230E-005
1514.871600,1.8530E-005
1515.150400,1.9560E-005
1515.429200,1.9360E-005
1515.708000,2.0330E-005
1515.986800,2.1990E-005
1516.265600,2.5350E-005
1516.544400,2.7330E-005
1516.823200,2.5950E-005
1517.102000,2.6170E-005
1517.380800,2.6870E-005
1517.659600,3.0560E-005
1517.938400,3.4590E-005
1518.217200,3.5490E-005
1518.496000,3.7080E-005
1518.774800,3.7050E-005
1519.053600,4.0480E-005
1519.332400,4.4610E-005
1519.611200,4.6340E-005
1519.890000,4.8870E-005
1520.168800,5.0290E-005
1520.447600,5.4100E-005
1520.726400,5.9220E-005
1521.005200,6.1330E-005
1521.284000,6.8470E-005
1521.562800,8.4180E-005
1521.841600,1.0050E-004
1522.120400,1.0960E-004
1522.399200,1.0100E-004
1522.678000,9.9250E-005
1522.956800,1.1880E-004
1523.235600,1.4570E-004
1523.514400,1.7190E-004
1523.793200,1.9970E-004
1524.072000,2.4000E-004
1524.350800,2.9810E-004
1524.629600,3.5270E-004
1524.908400,3.9640E-004
1525.187200,4.7210E-004
1525.466000,6.0510E-004
1525.744800,7.0450E-004
1526.023600,7.6510E-004
1526.302400,9.3020E-004
1526.581200,1.1390E-003
1526.860000,1.3010E-003
1527.138800,1.4750E-003
1527.417600,1.6660E-003
1527.696400,1.9430E-003
1527.975200,2.1440E-003
1528.254000,2.3720E-003
1528.532800,2.6720E-003
1528.811600,2.9060E-003
1529.090400,3.0170E-003
1529.369200,3.0640E-003
1529.648000,3.2100E-003
1529.926800,3.5520E-003
1530.205600,3.9210E-003
1530.484400,3.9580E-003
1530.763200,3.7480E-003
1531.042000,3.7400E-003
1531.320800,3.8210E-003
1531.599600,3.6750E-003
1531.878400,3.6180E-003
1532.157200,3.6670E-003
1532.436000,3.4900E-003
1532.714800,3.4610E-003
1532.993600,3.6820E-003
1533.272400,3.3530E-003
1533.551200,2.8950E-003
1533.830000,2.9330E-003
1534.108800,3.3210E-003
1534.387600,3.8040E-003
1534.666400,6.3610E-003
1534.945200,1.1150E-002
1535.224000,1.1370E-002
1535.502800,9.9450E-003
1535.781600,9.8780E-003
1536.060400,7.9590E-003
1536.339200,5.6720E-003
1536.618000,5.2110E-003
1536.896800,4.9490E-003
1537.175600,4.2280E-003
1537.454400,3.8710E-003
1537.733200,3.6760E-003
1538.012000,3.3500E-003
1538.290800,3.2480E-003
1538.569600,4.2890E-003
1538.848400,5.8830E-003
1539.127200,5.8980E-003
1539.406000,5.3450E-003
1539.684800,5.2510E-003
1539.963600,5.5960E-003
1540.242400,7.1980E-003
1540.521200,9.1250E-003
1540.800000,1.1680E-002
1541.078800,1.3930E-002
1541.357600,1.3240E-002
1541.636400,1.0400E-002
1541.915200,8.5170E-003
1542.194000,9.6310E-003
1542.472800,1.2990E-002
1542.751600,1.8480E-002
1543.030400,2.7280E-002
1543.309200,2.7310E-002
1543.588000,1.9040E-002
1543.866800,1.8490E-002
1544.145600,2.3810E-002
1544.424400,2.6290E-002
1544.703200,4.9220E-002
1544.982000,9.3610E-002
1545.260800,1.2640E-001
1545.539600,1.2780E-001
1545.818400,1.1640E-001
1546.097200,9.7760E-002
1546.376000,7.0060E-002
1546.654800,5.0120E-002
1546.933600,4.9000E-002
1547.212400,6.2090E-002
1547.491200,7.2620E-002
1547.770000,6.9630E-002
1548.048800,6.2860E-002
1548.327600,5.7450E-002
1548.606400,5.0660E-002
1548.885200,4.7090E-002
1549.164000,4.9110E-002
1549.442800,5.4740E-002
1549.721600,6.1010E-002
1550.000400,6.2060E-002
1550.279200,5.5790E-002
1550.558000,4.6740E-002
1550.836800,4.0940E-002
1551.115600,4.0190E-002
1551.394400,4.7040E-002
1551.673200,5.9840E-002
1551.952000,6.7810E-002
1552.230800,6.6330E-002
1552.509600,6.0590E-002
1552.788400,5.4480E-002
1553.067200,5.9710E-002
1553.346000,6.3330E-002
1553.624800,9.7770E-002
1553.903600,1.0570E-001
1554.182400,7.7670E-002
1554.461200,6.3610E-002
1554.740000,7.1000E-002
1555.018800,9.0160E-002
1555.297600,1.0310E-001
1555.576400,9.8090E-002
1555.855200,7.7770E-002
1556.134000,6.2060E-002
1556.412800,7.2440E-002
1556.691600,9.8320E-002
1556.970400,1.2000E-001
1557.249200,1.3300E-001
1557.528000,1.2960E-001
1557.806800,1.1060E-001
1558.085600,8.9150E-002
1558.364400,8.2950E-002
1558.643200,9.4600E-002
1558.922000,1.1240E-001
1559.200800,1.2550E-001
1559.479600,1.2800E-001
1559.758400,1.2500E-001
1560.037200,1.2190E-001
1560.316000,1.1680E-001
1560.594800,1.1080E-001
1560.873600,9.3640E-002
1561.152400,7.7780E-002
1561.431200,7.2100E-002
1561.710000,7.6730E-002
1561.988800,8.1130E-002
1562.267600,7.9590E-002
1562.546400,7.6100E-002
1562.825200,6.8930E-002
1563.104000,6.1220E-002
1563.382800,5.5590E-002
1563.661600,5.7350E-002
1563.940400,6.3800E-002
1564.219200,6.6730E-002
1564.498000,6.3390E-002
1564.776800,5.7370E-002
1565.055600,5.3810E-002
1565.334400,5.3690E-002
1565.613200,5.5860E-002
1565.892000,5.9010E-002
1566.170800,6.3830E-002
1566.449600,6.8060E-002
1566.728400,6.9280E-002
1567.007200,6.7490E-002
1567.286000,6.3650E-002
1567.564800,5.8530E-002
1567.843600,5.3470E-002
1568.122400,4.9780E-002
1568.401200,4.6730E-002
1568.680000,4.5790E-002
1568.958800,4.3670E-002
1569.237600,3.8370E-002
1569.516400,3.0690E-002
1569.795200,2.5460E-002
1570.074000,2.5860E-002
1570.352800,3.1350E-002
1570.631600,3.5970E-002
1570.910400,3.5140E-002
1571.189200,2.8690E-002
1571.468000,2.4920E-002
1571.746800,2.8280E-002
1572.025600,3.5080E-002
1572.304400,3.7420E-002
1572.583200,3.5700E-002
1572.862000,3.1800E-002
1573.140800,3.1850E-002
1573.419600,3.3060E-002
1573.698400,3.3320E-002
1573.977200,3.0820E-002
1574.256000,2.8520E-002
1574.534800,2.7230E-002
1574.813600,2.7830E-002
1575.092400,2.9420E-002
1575.371200,3.0070E-002
1575.650000,2.8370E-002
1575.928800,2.5430E-002
1576.207600,2.4300E-002
1576.486400,2.4760E-002
1576.765200,2.4070E-002
1577.044000,2.1310E-002
1577.322800,1.9050E-002
1577.601600,1.7270E-002
1577.880400,1.6710E-002
1578.159200,1.6240E-002
1578.438000,1.4960E-002
1578.716800,1.3790E-002
1578.995600,1.3280E-002
1579.274400,1.2050E-002
1579.553200,1.0410E-002
1579.832000,9.2710E-003
1580.110800,9.1070E-003
1580.389600,8.7290E-003
1580.668400,7.7130E-003
1580.947200,6.8410E-003
1581.226000,6.4130E-003
1581.504800,6.0280E-003
1581.783600,5.7510E-003
1582.062400,5.4620E-003
1582.341200,5.0150E-003
1582.620000,4.7300E-003
1582.898800,4.6850E-003
1583.177600,4.6620E-003
1583.456400,4.4110E-003
1583.735200,4.1730E-003
1584.014000,4.0630E-003
1584.292800,3.8500E-003
1584.571600,3.5000E-003
1584.850400,3.1210E-003
1585.129200,2.6570E-003
1585.408000,2.2670E-003
1585.686800,2.0320E-003
1585.965600,1.9100E-003
1586.244400,1.8790E-003
1586.523200,1.9840E-003
1586.802000,2.0960E-003
1587.080800,2.1300E-003
1587.359600,1.9120E-003
1587.638400,1.5410E-003
1587.917200,1.1470E-003
1588.196000,8.2410E-004
1588.474800,5.8520E-004
1588.753600,5.6540E-004
1589.032400,6.8580E-004
1589.311200,7.8090E-004
1589.590000,7.7990E-004
1589.868800,6.9700E-004
1590.147600,5.3170E-004
1590.426400,3.6150E-004
1590.705200,2.7490E-004
1590.984000,3.0280E-004
1591.262800,3.8120E-004
1591.541600,4.4370E-004
1591.820400,4.3480E-004
1592.099200,3.5910E-004
1592.378000,2.7010E-004
1592.656800,2.1850E-004
1592.935600,2.2100E-004
1593.214400,2.6670E-004
1593.493200,2.9660E-004
1593.772000,2.7950E-004
1594.050800,2.3650E-004
1594.329600,1.8040E-004
1594.608400,1.3890E-004
1594.887200,1.4380E-004
1595.166000,1.6860E-004
1595.444800,1.7240E-004
1595.723600,1.6440E-004
1596.002400,1.3930E-004
1596.281200,1.1600E-004
1596.560000,1.1410E-004
1596.838800,1.2230E-004
1597.117600,1.3140E-004
1597.396400,1.3350E-004
1597.675200,1.2090E-004
1597.954000,1.0060E-004
1598.232800,9.0870E-005
1598.511600,1.0190E-004
1598.790400,1.1120E-004
1599.069200,1.0360E-004
1599.348000,8.0890E-005
1599.626800,6.5410E-005
1599.905600,7.1800E-005
1600.184400,8.2680E-005
1600.463200,7.6310E-005
1600.742000,5.8650E-005
1601.020800,4.8080E-005
1601.299600,5.2920E-005
1601.578400,5.6010E-005
1601.857200,4.7330E-005
1602.136000,3.6360E-005
1602.414800,3.7570E-005
1602.693600,4.4980E-005
1602.972400,4.5490E-005
1603.251200,3.8600E-005
1603.530000,3.4470E-005
1603.808800,3.9270E-005
1604.087600,4.1760E-005
1604.366400,3.5330E-005
1604.645200,2.9840E-005
1604.924000,3.3640E-005
1605.202800,3.8330E-005
1605.481600,3.3330E-005
1605.760400,2.6720E-005
1606.039200,2.8820E-005
1606.318000,3.2750E-005
1606.596800,2.9240E-005
1606.875600,2.3530E-005
1607.154400,2.3940E-005
1607.433200,2.7410E-005
1607.712000,2.5350E-005
1607.990800,2.1360E-005
1608.269600,2.0930E-005
1608.548400,2.1650E-005
1608.827200,1.9660E-005
1609.106000,1.7390E-005
1609.384800,1.7440E-005
1609.663600,1.7590E-005
1609.942400,1.6620E-005
1610.221200,1.5630E-005
1610.500000,1.5590E-005
1610.778800,1.4960E-005
1611.057600,1.3680E-005
1611.336400,1.3230E-005
1611.615200,1.2930E-005
1611.894000,1.2140E-005
1612.172800,1.1650E-005
1612.451600,1.1210E-005
1612.730400,1.1040E-005
1613.009200,1.0210E-005
1613.288000,1.0010E-005
1613.566800,9.8550E-006
1613.845600,9.5130E-006
1614.124400,9.1160E-006
1614.403200,9.2250E-006
1614.682000,9.3640E-006
1614.960800,9.3330E-006
1615.239600,8.9210E-006
1615.518400,8.8230E-006
1615.797200,8.8140E-006
1616.076000,8.1740E-006
1616.354800,7.8830E-006
1616.633600,7.7750E-006
1616.912400,7.1500E-006
1617.191200,6.7400E-006
1617.470000,6.5940E-006
1617.748800,6.2430E-006
1618.027600,6.0790E-006
1618.306400,5.9790E-006
1618.585200,5.8750E-006
1618.864000,5.8630E-006
1619.142800,5.9900E-006
1619.421600,5.8130E-006
1619.700400,5.9240E-006
1619.979200,5.7020E-006
1620.258000,5.5760E-006
1620.536800,5.4310E-006
1620.815600,5.1130E-006
1621.094400,5.1340E-006
1621.373200,4.9390E-006
1621.652000,4.9010E-006
1621.930800,4.8370E-006
1622.209600,4.7190E-006
1622.488400,4.7700E-006
1622.767200,4.5850E-006
1623.046000,4.5190E-006
1623.324800,4.5350E-006
1623.603600,4.2590E-006
1623.882400,4.2970E-006
1624.161200,4.2210E-006
1624.440000,4.2200E-006
1624.718800,4.2190E-006
1624.997600,4.0900E-006
1625.276400,3.9960E-006
1625.555200,4.2610E-006
1625.834000,3.9800E-006
1626.112800,3.9950E-006
1626.391600,3.9780E-006
1626.670400,3.9030E-006
1626.949200,3.9720E-006
1627.228000,3.8970E-006
1627.506800,3.8910E-006
1627.785600,3.7830E-006
1628.064400,3.7580E-006
1628.343200,3.8140E-006
1628.622000,3.7160E-006
1628.900800,3.7140E-006
1629.179600,3.7180E-006
1629.458400,3.7170E-006
1629.737200,3.6830E-006
1630.016000,3.6700E-006
1630.294800,3.7550E-006
1630.573600,3.5620E-006
1630.852400,3.5600E-006
1631.131200,3.6220E-006
1631.410000,3.6050E-006
1631.688800,3.6250E-006
1631.967600,3.4450E-006
1632.246400,3.4030E-006
1632.525200,3.6700E-006
1632.804000,3.5580E-006
1633.082800,3.4810E-006
1633.361600,3.4790E-006
1633.640400,3.3900E-006
1633.919200,3.4970E-006
1634.198000,3.3860E-006
1634.476800,3.4380E-006
1634.755600,3.4810E-006
1635.034400,3.4870E-006
1635.313200,3.4880E-006
1635.592000,3.3750E-006
1635.870800,3.4540E-006
1636.149600,3.2580E-006
1636.428400,3.3510E-006
1636.707200,3.3800E-006
1636.986000,3.3290E-006
1637.264800,3.3400E-006
1637.543600,3.3100E-006
1637.822400,3.3310E-006
1638.101200,3.3260E-006
1638.380000,3.3380E-006
1638.658800,3.2720E-006
1638.937600,3.3330E-006
1639.216400,3.2770E-006
1639.495200,3.2650E-006
1639.774000,3.4130E-006
1640.052800,3.3220E-006
1640.331600,3.3360E-006
1640.610400,3.3850E-006
1640.889200,3.3700E-006
1641.168000,3.2830E-006
1641.446800,3.2220E-006
1641.725600,3.3550E-006
1642.004400,3.3770E-006
1642.283200,3.5390E-006
1642.562000,3.4430E-006
1642.840800,3.2550E-006
1643.119600,3.3230E-006
1643.398400,3.3280E-006
1643.677200,3.3150E-006
1643.956000,3.3950E-006
1644.234800,3.4490E-006
1644.513600,3.2780E-006
1644.792400,3.3790E-006
1645.071200,3.4100E-006
1645.350000,3.3660E-006
1645.628800,3.3640E-006
1645.907600,3.4350E-006
1646.186400,3.2730E-006
1646.465200,3.4920E-006
1646.744000,3.4720E-006
1647.022800,3.3800E-006
1647.301600,3.4160E-006
1647.580400,3.5360E-006
1647.859200,3.4130E-006
1648.138000,3.4030E-006
1648.416800,3.4730E-006
1648.695600,3.2800E-006
1648.974400,3.5080E-006
1649.253200,3.4980E-006
1649.532000,3.3780E-006
1649.810800,3.4700E-006
1650.089600,3.5810E-006
1650.368400,3.5910E-006
1650.647200,3.4640E-006
1650.926000,3.4780E-006
1651.204800,3.4330E-006
1651.483600,3.5600E-006
1651.762400,3.4950E-006
1652.041200,3.6180E-006
1652.320000,3.5900E-006
1652.598800,3.5890E-006
1652.877600,3.5990E-006
1653.156400,3.6040E-006
1653.435200,3.6580E-006
1653.714000,3.7090E-006
1653.992800,3.7780E-006
1654.271600,3.6920E-006
1654.550400,3.6720E-006
1654.829200,3.5760E-006
1655.108000,3.7020E-006
1655.386800,3.6750E-006
1655.665600,3.7990E-006
1655.944400,3.6970E-006
1656.223200,3.7320E-006
1656.502000,3.7770E-006
1656.780800,3.8300E-006
1657.059600,3.6660E-006
1657.338400,3.9350E-006
1657.617200,3.8960E-006
1657.896000,3.8830E-006
1658.174800,4.0050E-006
1658.453600,3.8000E-006
1658.732400,3.7910E-006
1659.011200,3.9740E-006
1659.290000,3.9420E-006
1659.568800,3.9840E-006
1659.847600,4.0230E-006
1660.126400,3.9510E-006
1660.405200,3.9480E-006
1660.684000,3.9740E-006
1660.962800,4.1630E-006
1661.241600,4.0150E-006
1661.520400,4.1590E-006
1661.799200,4.1920E-006
1662.078000,4.2320E-006
1662.356800,4.1900E-006
1662.635600,4.1020E-006
1662.914400,4.1770E-006
1663.193200,4.3000E-006
1663.472000,4.3620E-006
1663.750800,4.3570E-006
1664.029600,4.4840E-006
1664.308400,4.5930E-006
1664.587200,4.3500E-006
1664.866000,4.5170E-006
1665.144800,4.5910E-006
1665.423600,4.5090E-006
1665.702400,4.5020E-006
1665.981200,4.5640E-006
1666.260000,4.7290E-006
1666.538800,4.6920E-006
1666.817600,4.6660E-006
1667.096400,4.8810E-006
1667.375200,4.8150E-006
1667.654000,4.8310E-006
1667.932800,5.0180E-006
1668.211600,4.9510E-006
1668.490400,5.0570E-006
1668.769200,5.1670E-006
1669.048000,4.9700E-006
1669.326800,5.2000E-006
1669.605600,5.3010E-006
1669.884400,5.3510E-006
1670.163200,5.1590E-006
1670.442000,5.3180E-006
1670.720800,5.2510E-006
1670.999600,5.6030E-006
1671.278400,5.5960E-006
1671.557200,5.6000E-006
1671.836000,5.4430E-006
1672.114800,5.6620E-006
1672.393600,5.7670E-006
1672.672400,5.6340E-006
1672.951200,5.7560E-006
1673.230000,5.7520E-006
1673.508800,6.0500E-006
1673.787600,6.0730E-006
1674.066400,6.1040E-006
1674.345200,6.0430E-006
1674.624000,6.1140E-006
1674.902800,6.0680E-006
1675.181600,5.9060E-006
1675.460400,6.4100E-006
1675.739200,6.6580E-006
1676.018000,6.6560E-006
1676.296800,6.6890E-006
1676.575600,6.8850E-006
1676.854400,6.7150E-006
1677.133200,6.6680E-006
1677.412000,6.9480E-006
1677.690800,6.9650E-006
1677.969600,6.9010E-006
1678.248400,7.1900E-006
1678.527200,7.2080E-006
1678.806000,7.2270E-006
1679.084800,7.3130E-006
1679.363600,7.1420E-006
1679.642400,7.2560E-006
1679.921200,7.4600E-006
1680.200000,7.2860E-006
1680.478800,7.4910E-006
1680.757600,7.7730E-006
1681.036400,7.6300E-006
1681.315200,7.6160E-006
1681.594000,7.8800E-006
1681.872800,7.9650E-006
1682.151600,8.1040E-006
1682.430400,8.0930E-006
1682.709200,8.1710E-006
1682.988000,7.7390E-006
1683.266800,8.3450E-006
1683.545600,7.8420E-006
1683.824400,8.1810E-006
1684.103200,8.4110E-006
1684.382000,8.3650E-006
1684.660800,8.2930E-006
1684.939600,8.5410E-006
1685.218400,8.6490E-006
1685.497200,8.5780E-006
1685.776000,8.6720E-006
1686.054800,8.7620E-006
1686.333600,9.1030E-006
1686.612400,9.1200E-006
1686.891200,8.7710E-006
1687.170000,9.0320E-006
1687.448800,9.1150E-006
1687.727600,9.0110E-006
1688.006400,9.0760E-006
1688.285200,8.7690E-006
1688.564000,9.4610E-006
1688.842800,9.1040E-006
1689.121600,9.4080E-006
1689.400400,9.3420E-006
1689.679200,9.5730E-006
1689.958000,9.1780E-006
1690.236800,8.9140E-006
1690.515600,9.2950E-006
1690.794400,9.3700E-006
1691.073200,9.9130E-006
1691.352000,9.5870E-006
1691.630800,9.2070E-006
1691.909600,9.7340E-006
1692.188400,9.4770E-006
1692.467200,9.3110E-006
1692.746000,9.1760E-006
1693.024800,9.6910E-006
1693.303600,9.6700E-006
1693.582400,9.7390E-006
1693.861200,9.5630E-006
1694.140000,1.0200E-005
1694.418800,9.5800E-006
1694.697600,1.0100E-005
1694.976400,9.9850E-006
1695.255200,9.8850E-006
1695.534000,9.8220E-006
1695.812800,9.5790E-006
1696.091600,9.7930E-006
1696.370400,1.0610E-005
1696.649200,9.6780E-006
1696.928000,1.0100E-005
1697.206800,1.0400E-005
1697.485600,9.5280E-006
1697.764400,1.0410E-005
1698.043200,1.0780E-005
1698.322000,9.5520E-006
1698.600800,1.0310E-005
1698.879600,1.0980E-005
1699.158400,9.8610E-006
1699.437200,1.0280E-005
1699.716000,9.2460E-006
1699.994800,9.4470E-006
1700.273600,1.0340E-005
1700.552400,8.8960E-006
1700.831200,1.1320E-005
1701.110000,9.9490E-006
1701.388800,1.0250E-005
1701.667600,9.4240E-006
1701.946400,1.0280E-005
1702.225200,1.0380E-005
1702.504000,9.8770E-006
1702.782800,9.5220E-006
1703.061600,9.5600E-006
1703.340400,1.0510E-005
1703.619200,9.6570E-006
1703.898000,1.0080E-005
1704.176800,9.2940E-006
1704.455600,9.4250E-006
1704.734400,9.4690E-006
1705.013200,9.3160E-006
1705.292000,9.0790E-006
1705.570800,1.0220E-005
1705.849600,9.2030E-006
1706.128400,1.0720E-005
1706.407200,9.7470E-006
1706.686000,9.2320E-006
1706.964800,9.0790E-006
1707.243600,1.0370E-005
1707.522400,9.6400E-006
1707.801200,9.4890E-006
1708.080000,9.7940E-006
1708.358800,1.0230E-005
1708.637600,1.0360E-005
1708.916400,9.2460E-006
1709.195200,9.8060E-006
1709.474000,1.0410E-005
1709.752800,9.5280E-006
1710.031600,9.4700E-006
1710.310400,9.2120E-006
1710.589200,8.9460E-006
1710.868000,1.1630E-005
1711.146800,9.7300E-006
1711.425600,1.1210E-005
1711.704400,9.4420E-006
1711.983200,1.0550E-005
1712.262000,1.0900E-005
1712.540800,9.8440E-006
1712.819600,1.0920E-005
1713.098400,1.0220E-005
1713.377200,1.0900E-005
1713.656000,1.1680E-005
1713.934800,1.0270E-005
1714.213600,1.0110E-005
1714.492400,1.1290E-005
1714.771200,1.1100E-005
1715.050000,9.9720E-006
1715.328800,1.0390E-005
1715.607600,1.0060E-005
1715.886400,1.1440E-005
1716.165200,1.1170E-005
1716.444000,1.0490E-005
1716.722800,1.2390E-005
1717.001600,1.0450E-005
1717.280400,1.0570E-005
1717.559200,1.1270E-005
1717.838000,1.3500E-005
1718.116800,1.2040E-005
1718.395600,1.1190E-005
1718.674400,1.1160E-005
1718.953200,1.1860E-005
1719.232000,1.2380E-005
1719.510800,1.1480E-005
1719.789600,1.1360E-005
1720.068400,1.1160E-005
1720.347200,1.2330E-005
1720.626000,1.2520E-005
1720.904800,1.3470E-005
1721.183600,1.1860E-005
1721.462400,1.3290E-005
1721.741200,1.3360E-005
1722.020000,1.2440E-005
1722.298800,1.1590E-005
1722.577600,1.1040E-005
1722.856400,1.0340E-005
1723.135200,1.4110E-005
1723.414000,1.2340E-005
1723.692800,1.3190E-005
1723.971600,1.1520E-005
1724.250400,1.4300E-005
1724.529200,1.3320E-005
1724.808000,1.3760E-005
1725.086800,1.3350E-005
1725.365600,1.2770E-005
1725.644400,1.4130E-005
1725.923200,1.2650E-005
1726.202000,1.5080E-005
1726.480800,1.3460E-005
1726.759600,1.5390E-005
1727.038400,1.5370E-005
1727.317200,1.4800E-005
1727.596000,1.3860E-005
1727.874800,1.5150E-005
1728.153600,1.5000E-005
1728.432400,1.5500E-005
1728.711200,1.5360E-005
1728.990000,1.5450E-005
1729.268800,1.5070E-005
1729.547600,1.6150E-005
1729.826400,1.4500E-005
1730.105200,1.7830E-005
1730.384000,1.4770E-005
1730.662800,1.3790E-005
1730.941600,1.7020E-005
1731.220400,1.4030E-005
1731.499200,1.4080E-005
1731.778000,1.6500E-005
1732.056800,1.5390E-005
1732.335600,1.6820E-005
1732.614400,1.7180E-005
1732.893200,1.8830E-005
1733.172000,1.5090E-005
1733.450800,1.7190E-005
1733.729600,1.6650E-005
1734.008400,1.6320E-005
1734.287200,1.6890E-005
1734.566000,1.8270E-005
1734.844800,1.7580E-005
1735.123600,1.5950E-005
1735.402400,1.7620E-005
1735.681200,1.6170E-005
1735.960000,1.7050E-005
1736.238800,2.0160E-005
1736.517600,1.9180E-005
1736.796400,1.7730E-005
1737.075200,1.7310E-005
1737.354000,1.8310E-005
1737.632800,1.9580E-005
1737.911600,2.0210E-005
1738.190400,2.0550E-005
1738.469200,1.9070E-005
1738.748000,1.8680E-005
1739.026800,2.3830E-005
1739.305600,2.0130E-005
1739.584400,1.8660E-005
1739.863200,2.0390E-005
1740.142000,1.9000E-005
1740.420800,2.0510E-005
1740.699600,2.0200E-005
1740.978400,2.1000E-005
1741.257200,2.1820E-005
1741.536000,2.0000E-005
1741.814800,1.6460E-005
1742.093600,2.0550E-005
1742.372400,2.1020E-005
1742.651200,2.5610E-005
1742.930000,2.0610E-005
1743.208800,2.4160E-005
1743.487600,1.9150E-005
1743.766400,2.5970E-005
1744.045200,2.1900E-005
1744.324000,2.3540E-005
1744.602800,2.2630E-005
1744.881600,2.3830E-005
1745.160400,2.2690E-005
1745.439200,2.4160E-005
1745.718000,2.4450E-005
1745.996800,2.0350E-005
1746.275600,2.3070E-005
1746.554400,2.5730E-005
1746.833200,2.1790E-005
1747.112000,2.6760E-005
1747.390800,2.4820E-005
1747.669600,2.4290E-005
1747.948400,2.3230E-005
1748.227200,2.1260E-005
1748.506000,2.4320E-005
1748.784800,2.8350E-005
1749.063600,2.2670E-005
1749.342400,1.9600E-005
1749.621200,2.2010E-005
1749.900000,2.4670E-005
