File,MUESTRA_0_2_20.csv,
Date/Time,23-02-17/10:23,

Center Wavelength,1471.1,nm
Span Wavelength,557.6,nm
Start Wavelength,1192.3,nm
Stop Wavelength,1749.9,nm
Value In Air/Vacuum,Vacuum,
Optical Attenuater,Off,
Resolution,0.5,nm
Actual Resolution,0.494,nm
VBW,2000,Hz
Point Average,Off,
Sweep Average,1,
Smooth,Off,
Sampling Points,2001,pt
Trace Type,Write,
Trace Storage Mode,Off,
Trace Calculate Trace 1,-,
Trace Calculate Trace 2,-,
Dynamic Range,Normal,
Ext-Trigger,Off,
Interval Time,Off,
MM Mode,Off,

Trace,A
Start,1192.3,nm
Stop,1749.9,nm
1192.300000,2.1950E-007
1192.578800,2.0220E-007
1192.857600,1.6910E-007
1193.136400,1.8800E-007
1193.415200,2.1170E-007
1193.694000,2.1810E-007
1193.972800,1.7740E-007
1194.251600,1.6560E-007
1194.530400,1.4260E-007
1194.809200,1.7680E-007
1195.088000,2.0100E-007
1195.366800,2.3780E-007
1195.645600,1.1800E-007
1195.924400,2.0840E-007
1196.203200,1.9090E-007
1196.482000,2.1520E-007
1196.760800,2.0170E-007
1197.039600,1.9600E-007
1197.318400,1.8670E-007
1197.597200,1.9570E-007
1197.876000,1.7700E-007
1198.154800,1.4210E-007
1198.433600,1.9610E-007
1198.712400,1.8300E-007
1198.991200,1.7800E-007
1199.270000,1.9740E-007
1199.548800,2.2780E-007
1199.827600,1.7780E-007
1200.106400,2.1760E-007
1200.385200,1.8710E-007
1200.664000,1.2920E-007
1200.942800,2.2510E-007
1201.221600,1.7540E-007
1201.500400,2.2050E-007
1201.779200,1.8660E-007
1202.058000,1.7190E-007
1202.336800,1.8790E-007
1202.615600,1.9270E-007
1202.894400,1.9440E-007
1203.173200,1.9700E-007
1203.452000,1.8290E-007
1203.730800,1.6650E-007
1204.009600,1.7850E-007
1204.288400,1.7850E-007
1204.567200,1.9890E-007
1204.846000,1.8090E-007
1205.124800,2.1710E-007
1205.403600,2.0090E-007
1205.682400,1.6600E-007
1205.961200,1.8180E-007
1206.240000,1.8700E-007
1206.518800,1.4970E-007
1206.797600,2.2530E-007
1207.076400,1.3960E-007
1207.355200,1.7210E-007
1207.634000,1.8220E-007
1207.912800,1.9160E-007
1208.191600,1.6310E-007
1208.470400,1.5910E-007
1208.749200,1.7140E-007
1209.028000,1.7700E-007
1209.306800,2.1210E-007
1209.585600,1.7560E-007
1209.864400,1.1980E-007
1210.143200,1.8730E-007
1210.422000,1.7230E-007
1210.700800,2.1160E-007
1210.979600,1.6150E-007
1211.258400,1.6430E-007
1211.537200,1.8210E-007
1211.816000,2.1140E-007
1212.094800,1.6380E-007
1212.373600,1.9140E-007
1212.652400,1.9560E-007
1212.931200,1.8710E-007
1213.210000,1.9980E-007
1213.488800,1.9130E-007
1213.767600,1.7010E-007
1214.046400,1.8230E-007
1214.325200,1.5070E-007
1214.604000,1.9730E-007
1214.882800,2.0640E-007
1215.161600,1.5610E-007
1215.440400,1.3490E-007
1215.719200,1.7570E-007
1215.998000,1.5820E-007
1216.276800,1.2890E-007
1216.555600,1.3270E-007
1216.834400,2.2460E-007
1217.113200,2.0800E-007
1217.392000,2.0940E-007
1217.670800,1.8160E-007
1217.949600,1.6520E-007
1218.228400,1.6190E-007
1218.507200,1.2330E-007
1218.786000,1.6260E-007
1219.064800,1.9960E-007
1219.343600,1.6810E-007
1219.622400,2.0170E-007
1219.901200,1.4690E-007
1220.180000,1.6540E-007
1220.458800,1.6370E-007
1220.737600,1.7860E-007
1221.016400,1.6710E-007
1221.295200,1.5610E-007
1221.574000,1.8840E-007
1221.852800,1.8680E-007
1222.131600,1.6490E-007
1222.410400,1.1670E-007
1222.689200,1.8190E-007
1222.968000,1.6900E-007
1223.246800,2.0730E-007
1223.525600,2.0490E-007
1223.804400,1.2940E-007
1224.083200,1.8230E-007
1224.362000,1.7970E-007
1224.640800,1.5180E-007
1224.919600,1.8890E-007
1225.198400,1.6540E-007
1225.477200,1.8440E-007
1225.756000,1.6090E-007
1226.034800,2.2580E-007
1226.313600,1.5500E-007
1226.592400,1.4910E-007
1226.871200,1.5320E-007
1227.150000,1.8460E-007
1227.428800,1.8170E-007
1227.707600,1.7070E-007
1227.986400,1.7470E-007
1228.265200,2.0260E-007
1228.544000,2.0260E-007
1228.822800,1.9230E-007
1229.101600,2.0150E-007
1229.380400,1.0210E-007
1229.659200,1.7790E-007
1229.938000,1.6240E-007
1230.216800,1.7760E-007
1230.495600,1.4090E-007
1230.774400,1.7270E-007
1231.053200,1.5520E-007
1231.332000,1.4090E-007
1231.610800,1.5900E-007
1231.889600,1.5940E-007
1232.168400,2.1380E-007
1232.447200,1.6750E-007
1232.726000,1.5840E-007
1233.004800,1.1860E-007
1233.283600,1.6110E-007
1233.562400,1.6480E-007
1233.841200,1.5770E-007
1234.120000,1.7730E-007
1234.398800,1.4320E-007
1234.677600,1.8960E-007
1234.956400,1.6380E-007
1235.235200,1.4910E-007
1235.514000,1.6940E-007
1235.792800,1.6230E-007
1236.071600,1.6840E-007
1236.350400,1.5970E-007
1236.629200,2.0310E-007
1236.908000,1.4540E-007
1237.186800,1.3310E-007
1237.465600,1.6680E-007
1237.744400,1.5370E-007
1238.023200,1.3500E-007
1238.302000,1.4700E-007
1238.580800,1.7300E-007
1238.859600,1.8090E-007
1239.138400,1.3600E-007
1239.417200,1.7690E-007
1239.696000,1.5080E-007
1239.974800,1.8750E-007
1240.253600,1.3780E-007
1240.532400,1.4080E-007
1240.811200,1.7230E-007
1241.090000,1.7590E-007
1241.368800,1.8530E-007
1241.647600,1.5500E-007
1241.926400,1.8350E-007
1242.205200,1.9570E-007
1242.484000,1.3290E-007
1242.762800,1.2350E-007
1243.041600,1.6830E-007
1243.320400,1.8100E-007
1243.599200,1.3070E-007
1243.878000,1.4920E-007
1244.156800,1.2910E-007
1244.435600,1.5470E-007
1244.714400,1.0850E-007
1244.993200,2.2430E-007
1245.272000,1.7450E-007
1245.550800,1.5660E-007
1245.829600,1.7630E-007
1246.108400,1.6280E-007
1246.387200,1.5600E-007
1246.666000,1.4250E-007
1246.944800,1.6020E-007
1247.223600,1.9140E-007
1247.502400,1.7240E-007
1247.781200,1.6920E-007
1248.060000,1.7400E-007
1248.338800,1.2720E-007
1248.617600,1.2630E-007
1248.896400,1.5440E-007
1249.175200,1.5860E-007
1249.454000,1.6520E-007
1249.732800,1.5720E-007
1250.011600,1.1310E-007
1250.290400,1.8690E-007
1250.569200,1.7970E-007
1250.848000,1.7520E-007
1251.126800,1.2910E-007
1251.405600,1.7740E-007
1251.684400,1.1420E-007
1251.963200,1.6720E-007
1252.242000,1.4360E-007
1252.520800,1.7570E-007
1252.799600,1.5240E-007
1253.078400,1.9970E-007
1253.357200,1.4470E-007
1253.636000,1.7900E-007
1253.914800,1.3990E-007
1254.193600,1.6160E-007
1254.472400,8.7560E-008
1254.751200,1.4760E-007
1255.030000,1.5770E-007
1255.308800,1.7010E-007
1255.587600,1.5290E-007
1255.866400,1.4460E-007
1256.145200,1.1640E-007
1256.424000,1.8980E-007
1256.702800,1.7860E-007
1256.981600,1.5730E-007
1257.260400,1.5430E-007
1257.539200,1.7500E-007
1257.818000,1.6750E-007
1258.096800,1.4950E-007
1258.375600,1.7120E-007
1258.654400,1.4830E-007
1258.933200,1.8850E-007
1259.212000,1.6420E-007
1259.490800,1.6560E-007
1259.769600,1.8170E-007
1260.048400,1.6210E-007
1260.327200,1.9150E-007
1260.606000,1.5380E-007
1260.884800,1.5100E-007
1261.163600,1.5490E-007
1261.442400,1.4340E-007
1261.721200,1.2700E-007
1262.000000,2.0840E-007
1262.278800,1.6900E-007
1262.557600,1.7400E-007
1262.836400,2.0620E-007
1263.115200,9.9710E-008
1263.394000,1.7850E-007
1263.672800,1.7810E-007
1263.951600,1.7180E-007
1264.230400,1.4720E-007
1264.509200,1.9000E-007
1264.788000,1.8090E-007
1265.066800,1.4100E-007
1265.345600,1.5800E-007
1265.624400,1.6720E-007
1265.903200,1.2790E-007
1266.182000,1.2920E-007
1266.460800,1.3580E-007
1266.739600,1.1160E-007
1267.018400,1.2710E-007
1267.297200,1.6350E-007
1267.576000,1.5580E-007
1267.854800,1.7000E-007
1268.133600,1.4490E-007
1268.412400,2.0180E-007
1268.691200,9.6970E-008
1268.970000,1.6580E-007
1269.248800,1.1030E-007
1269.527600,1.3680E-007
1269.806400,1.3980E-007
1270.085200,1.9000E-007
1270.364000,1.4030E-007
1270.642800,1.5860E-007
1270.921600,1.4590E-007
1271.200400,1.3100E-007
1271.479200,1.2210E-007
1271.758000,1.1760E-007
1272.036800,1.4620E-007
1272.315600,2.2210E-007
1272.594400,1.7990E-007
1272.873200,1.3850E-007
1273.152000,1.7090E-007
1273.430800,1.6990E-007
1273.709600,1.2390E-007
1273.988400,1.3780E-007
1274.267200,1.7700E-007
1274.546000,1.3660E-007
1274.824800,1.5520E-007
1275.103600,1.5480E-007
1275.382400,1.3560E-007
1275.661200,1.4600E-007
1275.940000,1.2140E-007
1276.218800,1.7860E-007
1276.497600,1.1380E-007
1276.776400,1.2090E-007
1277.055200,1.3220E-007
1277.334000,1.4560E-007
1277.612800,1.4710E-007
1277.891600,1.7480E-007
1278.170400,1.2260E-007
1278.449200,1.4110E-007
1278.728000,1.5170E-007
1279.006800,1.2330E-007
1279.285600,1.7590E-007
1279.564400,1.3020E-007
1279.843200,1.2090E-007
1280.122000,1.6820E-007
1280.400800,1.3980E-007
1280.679600,1.3530E-007
1280.958400,1.4660E-007
1281.237200,1.3630E-007
1281.516000,1.7540E-007
1281.794800,1.3160E-007
1282.073600,1.6520E-007
1282.352400,1.3170E-007
1282.631200,1.4220E-007
1282.910000,1.4100E-007
1283.188800,1.8840E-007
1283.467600,1.1150E-007
1283.746400,1.3030E-007
1284.025200,1.4240E-007
1284.304000,1.4750E-007
1284.582800,1.4020E-007
1284.861600,1.4570E-007
1285.140400,1.7540E-007
1285.419200,1.3850E-007
1285.698000,1.4480E-007
1285.976800,2.1870E-007
1286.255600,1.2790E-007
1286.534400,1.4850E-007
1286.813200,1.5960E-007
1287.092000,1.3160E-007
1287.370800,1.5220E-007
1287.649600,1.6660E-007
1287.928400,1.4060E-007
1288.207200,1.6330E-007
1288.486000,1.9170E-007
1288.764800,2.0870E-007
1289.043600,1.6290E-007
1289.322400,1.4940E-007
1289.601200,1.5150E-007
1289.880000,1.7040E-007
1290.158800,1.5460E-007
1290.437600,1.2740E-007
1290.716400,1.2110E-007
1290.995200,1.4780E-007
1291.274000,1.4270E-007
1291.552800,1.5070E-007
1291.831600,2.0360E-007
1292.110400,1.6360E-007
1292.389200,1.5200E-007
1292.668000,1.4420E-007
1292.946800,1.2820E-007
1293.225600,1.3160E-007
1293.504400,1.7220E-007
1293.783200,1.8030E-007
1294.062000,1.2030E-007
1294.340800,1.8570E-007
1294.619600,1.6360E-007
1294.898400,1.0790E-007
1295.177200,1.4750E-007
1295.456000,1.3260E-007
1295.734800,1.6530E-007
1296.013600,1.4730E-007
1296.292400,1.3160E-007
1296.571200,1.3880E-007
1296.850000,1.7310E-007
1297.128800,1.3410E-007
1297.407600,1.3470E-007
1297.686400,1.5700E-007
1297.965200,1.2380E-007
1298.244000,1.4710E-007
1298.522800,1.3380E-007
1298.801600,1.8980E-007
1299.080400,1.2750E-007
1299.359200,1.5200E-007
1299.638000,1.0800E-007
1299.916800,1.5240E-007
1300.195600,1.3080E-007
1300.474400,1.5590E-007
1300.753200,1.1370E-007
1301.032000,1.6000E-007
1301.310800,1.0900E-007
1301.589600,1.0160E-007
1301.868400,1.4050E-007
1302.147200,1.5150E-007
1302.426000,1.4680E-007
1302.704800,1.6740E-007
1302.983600,2.0190E-007
1303.262400,1.2050E-007
1303.541200,1.0680E-007
1303.820000,1.4920E-007
1304.098800,1.4260E-007
1304.377600,1.3640E-007
1304.656400,1.8280E-007
1304.935200,1.4200E-007
1305.214000,1.5200E-007
1305.492800,1.2640E-007
1305.771600,1.6760E-007
1306.050400,1.4100E-007
1306.329200,9.0380E-008
1306.608000,1.3950E-007
1306.886800,1.1980E-007
1307.165600,1.6070E-007
1307.444400,1.2360E-007
1307.723200,2.0160E-007
1308.002000,1.3720E-007
1308.280800,9.9030E-008
1308.559600,1.4380E-007
1308.838400,1.6720E-007
1309.117200,1.1870E-007
1309.396000,1.5700E-007
1309.674800,1.6830E-007
1309.953600,9.7640E-008
1310.232400,1.5020E-007
1310.511200,1.5060E-007
1310.790000,1.1500E-007
1311.068800,1.3060E-007
1311.347600,1.7560E-007
1311.626400,1.6300E-007
1311.905200,1.4560E-007
1312.184000,1.1860E-007
1312.462800,1.2480E-007
1312.741600,1.2490E-007
1313.020400,1.5070E-007
1313.299200,1.4030E-007
1313.578000,1.8290E-007
1313.856800,1.7320E-007
1314.135600,1.6510E-007
1314.414400,1.6610E-007
1314.693200,1.3940E-007
1314.972000,1.7030E-007
1315.250800,1.6350E-007
1315.529600,1.7250E-007
1315.808400,1.7510E-007
1316.087200,1.3210E-007
1316.366000,1.3260E-007
1316.644800,1.0880E-007
1316.923600,1.1070E-007
1317.202400,1.1460E-007
1317.481200,1.1900E-007
1317.760000,1.0180E-007
1318.038800,1.8240E-007
1318.317600,1.4170E-007
1318.596400,1.5010E-007
1318.875200,1.4280E-007
1319.154000,1.5480E-007
1319.432800,1.5740E-007
1319.711600,1.2180E-007
1319.990400,1.5030E-007
1320.269200,1.1840E-007
1320.548000,1.6080E-007
1320.826800,1.0840E-007
1321.105600,1.5770E-007
1321.384400,1.4700E-007
1321.663200,1.8670E-007
1321.942000,2.0040E-007
1322.220800,1.5690E-007
1322.499600,1.2710E-007
1322.778400,1.4760E-007
1323.057200,9.7570E-008
1323.336000,1.6180E-007
1323.614800,1.1750E-007
1323.893600,1.1720E-007
1324.172400,1.6400E-007
1324.451200,1.4400E-007
1324.730000,2.0820E-007
1325.008800,1.3660E-007
1325.287600,1.1040E-007
1325.566400,1.2680E-007
1325.845200,1.4660E-007
1326.124000,1.5330E-007
1326.402800,1.2480E-007
1326.681600,1.4550E-007
1326.960400,1.5820E-007
1327.239200,1.3830E-007
1327.518000,1.5190E-007
1327.796800,1.8730E-007
1328.075600,1.1020E-007
1328.354400,1.6190E-007
1328.633200,1.4950E-007
1328.912000,1.2670E-007
1329.190800,1.4900E-007
1329.469600,1.6550E-007
1329.748400,1.3440E-007
1330.027200,1.4890E-007
1330.306000,1.4410E-007
1330.584800,1.0840E-007
1330.863600,1.4200E-007
1331.142400,1.7500E-007
1331.421200,1.3520E-007
1331.700000,1.3920E-007
1331.978800,1.4870E-007
1332.257600,1.1620E-007
1332.536400,1.5870E-007
1332.815200,1.7110E-007
1333.094000,1.2710E-007
1333.372800,1.6960E-007
1333.651600,1.1940E-007
1333.930400,1.7920E-007
1334.209200,7.8410E-008
1334.488000,1.2190E-007
1334.766800,1.1990E-007
1335.045600,1.6720E-007
1335.324400,1.2980E-007
1335.603200,1.4070E-007
1335.882000,1.2170E-007
1336.160800,1.4600E-007
1336.439600,1.8340E-007
1336.718400,1.7270E-007
1336.997200,1.7060E-007
1337.276000,1.4940E-007
1337.554800,1.8680E-007
1337.833600,1.8580E-007
1338.112400,1.2430E-007
1338.391200,1.5710E-007
1338.670000,1.0710E-007
1338.948800,1.2940E-007
1339.227600,1.1730E-007
1339.506400,1.4550E-007
1339.785200,1.6520E-007
1340.064000,1.4990E-007
1340.342800,1.3170E-007
1340.621600,1.4240E-007
1340.900400,1.8370E-007
1341.179200,1.0270E-007
1341.458000,1.5210E-007
1341.736800,1.3730E-007
1342.015600,1.6450E-007
1342.294400,1.5620E-007
1342.573200,1.6150E-007
1342.852000,1.4880E-007
1343.130800,1.8140E-007
1343.409600,1.4370E-007
1343.688400,1.4170E-007
1343.967200,1.9850E-007
1344.246000,2.0470E-007
1344.524800,1.8900E-007
1344.803600,1.2590E-007
1345.082400,1.6090E-007
1345.361200,1.5610E-007
1345.640000,1.9240E-007
1345.918800,2.0600E-007
1346.197600,1.5980E-007
1346.476400,1.4350E-007
1346.755200,1.7360E-007
1347.034000,1.7140E-007
1347.312800,1.2100E-007
1347.591600,1.7090E-007
1347.870400,1.7160E-007
1348.149200,1.8880E-007
1348.428000,1.8440E-007
1348.706800,2.1320E-007
1348.985600,1.2850E-007
1349.264400,1.7870E-007
1349.543200,1.7750E-007
1349.822000,1.6420E-007
1350.100800,1.4280E-007
1350.379600,1.7600E-007
1350.658400,1.2150E-007
1350.937200,1.4840E-007
1351.216000,1.6110E-007
1351.494800,1.2860E-007
1351.773600,2.2930E-007
1352.052400,1.9790E-007
1352.331200,1.6750E-007
1352.610000,1.5310E-007
1352.888800,1.8960E-007
1353.167600,2.1920E-007
1353.446400,2.1110E-007
1353.725200,1.8500E-007
1354.004000,1.9500E-007
1354.282800,1.8520E-007
1354.561600,2.2440E-007
1354.840400,2.0760E-007
1355.119200,2.1170E-007
1355.398000,2.2410E-007
1355.676800,2.5440E-007
1355.955600,2.2450E-007
1356.234400,2.4960E-007
1356.513200,2.2840E-007
1356.792000,2.2590E-007
1357.070800,2.1280E-007
1357.349600,2.4970E-007
1357.628400,2.8220E-007
1357.907200,2.5680E-007
1358.186000,2.9590E-007
1358.464800,2.4880E-007
1358.743600,2.8590E-007
1359.022400,3.2210E-007
1359.301200,3.0180E-007
1359.580000,3.1790E-007
1359.858800,3.1920E-007
1360.137600,3.8030E-007
1360.416400,3.7390E-007
1360.695200,3.2570E-007
1360.974000,3.2720E-007
1361.252800,3.8000E-007
1361.531600,3.6090E-007
1361.810400,3.4310E-007
1362.089200,3.6960E-007
1362.368000,3.7980E-007
1362.646800,4.3620E-007
1362.925600,5.1490E-007
1363.204400,4.9000E-007
1363.483200,5.2460E-007
1363.762000,5.5010E-007
1364.040800,5.6850E-007
1364.319600,5.6840E-007
1364.598400,5.1150E-007
1364.877200,6.3080E-007
1365.156000,6.9630E-007
1365.434800,6.8490E-007
1365.713600,7.9990E-007
1365.992400,8.8260E-007
1366.271200,1.0750E-006
1366.550000,1.0250E-006
1366.828800,9.9160E-007
1367.107600,1.0920E-006
1367.386400,1.1180E-006
1367.665200,1.1460E-006
1367.944000,1.2310E-006
1368.222800,1.3300E-006
1368.501600,1.2760E-006
1368.780400,1.4460E-006
1369.059200,1.6280E-006
1369.338000,1.6550E-006
1369.616800,1.7630E-006
1369.895600,1.7770E-006
1370.174400,1.9980E-006
1370.453200,2.4830E-006
1370.732000,2.3960E-006
1371.010800,1.9980E-006
1371.289600,2.3410E-006
1371.568400,2.5310E-006
1371.847200,2.6060E-006
1372.126000,2.5560E-006
1372.404800,2.8540E-006
1372.683600,3.1030E-006
1372.962400,3.1780E-006
1373.241200,3.1800E-006
1373.520000,3.4830E-006
1373.798800,3.5600E-006
1374.077600,3.5790E-006
1374.356400,3.7070E-006
1374.635200,3.9010E-006
1374.914000,3.9590E-006
1375.192800,4.2570E-006
1375.471600,4.4250E-006
1375.750400,4.5140E-006
1376.029200,4.4840E-006
1376.308000,4.9170E-006
1376.586800,4.9790E-006
1376.865600,4.7690E-006
1377.144400,4.8160E-006
1377.423200,5.3970E-006
1377.702000,5.7800E-006
1377.980800,5.9310E-006
1378.259600,5.8060E-006
1378.538400,5.4990E-006
1378.817200,5.6780E-006
1379.096000,6.4000E-006
1379.374800,7.1910E-006
1379.653600,7.7390E-006
1379.932400,7.7620E-006
1380.211200,7.7170E-006
1380.490000,6.2710E-006
1380.768800,5.7440E-006
1381.047600,7.7090E-006
1381.326400,8.6220E-006
1381.605200,8.8830E-006
1381.884000,8.2770E-006
1382.162800,8.1120E-006
1382.441600,6.7490E-006
1382.720400,6.1710E-006
1382.999200,7.9180E-006
1383.278000,9.2140E-006
1383.556800,9.1650E-006
1383.835600,9.0220E-006
1384.114400,1.0060E-005
1384.393200,1.0610E-005
1384.672000,1.0210E-005
1384.950800,9.5710E-006
1385.229600,9.8410E-006
1385.508400,1.1100E-005
1385.787200,1.1130E-005
1386.066000,1.1040E-005
1386.344800,1.1480E-005
1386.623600,1.2130E-005
1386.902400,1.2450E-005
1387.181200,1.2750E-005
1387.460000,1.3020E-005
1387.738800,1.1590E-005
1388.017600,1.0870E-005
1388.296400,1.2030E-005
1388.575200,1.3370E-005
1388.854000,1.4030E-005
1389.132800,1.4170E-005
1389.411600,1.4760E-005
1389.690400,1.4500E-005
1389.969200,1.4440E-005
1390.248000,1.7270E-005
1390.526800,1.5940E-005
1390.805600,1.5640E-005
1391.084400,1.6570E-005
1391.363200,1.6710E-005
1391.642000,1.6850E-005
1391.920800,1.6550E-005
1392.199600,1.4980E-005
1392.478400,1.4120E-005
1392.757200,1.6410E-005
1393.036000,1.8060E-005
1393.314800,1.8600E-005
1393.593600,1.8890E-005
1393.872400,1.8920E-005
1394.151200,1.9250E-005
1394.430000,1.9070E-005
1394.708800,1.7880E-005
1394.987600,1.7130E-005
1395.266400,1.7950E-005
1395.545200,1.8160E-005
1395.824000,1.9770E-005
1396.102800,1.9060E-005
1396.381600,1.7110E-005
1396.660400,1.9210E-005
1396.939200,2.1590E-005
1397.218000,2.1530E-005
1397.496800,2.2700E-005
1397.775600,2.3480E-005
1398.054400,2.3210E-005
1398.333200,2.3340E-005
1398.612000,2.3790E-005
1398.890800,2.4180E-005
1399.169600,2.3810E-005
1399.448400,2.2070E-005
1399.727200,2.2690E-005
1400.006000,2.3490E-005
1400.284800,2.3960E-005
1400.563600,2.0720E-005
1400.842400,2.2260E-005
1401.121200,2.5490E-005
1401.400000,2.4340E-005
1401.678800,2.4830E-005
1401.957600,2.6390E-005
1402.236400,2.7110E-005
1402.515200,2.7470E-005
1402.794000,2.7290E-005
1403.072800,2.9930E-005
1403.351600,3.0490E-005
1403.630400,3.0250E-005
1403.909200,3.0050E-005
1404.188000,2.9120E-005
1404.466800,2.9660E-005
1404.745600,2.5940E-005
1405.024400,2.4680E-005
1405.303200,3.1030E-005
1405.582000,3.0270E-005
1405.860800,3.0570E-005
1406.139600,2.9880E-005
1406.418400,2.9820E-005
1406.697200,2.8600E-005
1406.976000,2.7640E-005
1407.254800,2.6810E-005
1407.533600,2.8310E-005
1407.812400,3.0370E-005
1408.091200,3.0590E-005
1408.370000,3.0830E-005
1408.648800,3.0660E-005
1408.927600,2.9680E-005
1409.206400,2.6830E-005
1409.485200,2.6700E-005
1409.764000,2.8410E-005
1410.042800,3.0570E-005
1410.321600,3.0950E-005
1410.600400,3.1200E-005
1410.879200,3.1430E-005
1411.158000,3.0730E-005
1411.436800,3.1200E-005
1411.715600,3.1050E-005
1411.994400,3.0880E-005
1412.273200,3.1460E-005
1412.552000,3.1510E-005
1412.830800,3.2280E-005
1413.109600,3.2740E-005
1413.388400,3.1260E-005
1413.667200,3.1720E-005
1413.946000,3.0290E-005
1414.224800,2.8900E-005
1414.503600,3.1470E-005
1414.782400,3.1320E-005
1415.061200,3.2250E-005
1415.340000,3.1750E-005
1415.618800,3.2570E-005
1415.897600,3.3070E-005
1416.176400,3.3170E-005
1416.455200,3.3200E-005
1416.734000,3.3980E-005
1417.012800,3.3660E-005
1417.291600,3.3980E-005
1417.570400,3.3470E-005
1417.849200,3.4200E-005
1418.128000,3.4320E-005
1418.406800,3.4930E-005
1418.685600,3.3310E-005
1418.964400,3.2320E-005
1419.243200,3.3230E-005
1419.522000,3.3720E-005
1419.800800,3.3370E-005
1420.079600,3.4470E-005
1420.358400,3.5310E-005
1420.637200,3.5270E-005
1420.916000,3.5780E-005
1421.194800,3.5330E-005
1421.473600,3.5780E-005
1421.752400,3.6690E-005
1422.031200,3.6460E-005
1422.310000,3.6770E-005
1422.588800,3.5870E-005
1422.867600,3.5860E-005
1423.146400,3.5730E-005
1423.425200,3.6780E-005
1423.704000,3.6240E-005
1423.982800,3.6280E-005
1424.261600,3.7890E-005
1424.540400,3.8570E-005
1424.819200,3.9130E-005
1425.098000,3.8690E-005
1425.376800,3.8330E-005
1425.655600,3.8700E-005
1425.934400,3.8840E-005
1426.213200,3.9540E-005
1426.492000,3.9380E-005
1426.770800,4.0350E-005
1427.049600,3.9610E-005
1427.328400,3.9610E-005
1427.607200,4.0830E-005
1427.886000,4.1420E-005
1428.164800,4.1020E-005
1428.443600,4.1190E-005
1428.722400,4.0880E-005
1429.001200,4.0960E-005
1429.280000,4.2310E-005
1429.558800,4.2110E-005
1429.837600,4.1460E-005
1430.116400,4.2680E-005
1430.395200,4.2950E-005
1430.674000,4.2950E-005
1430.952800,4.2920E-005
1431.231600,4.2360E-005
1431.510400,4.2750E-005
1431.789200,4.4080E-005
1432.068000,4.4260E-005
1432.346800,4.3510E-005
1432.625600,4.3620E-005
1432.904400,4.4470E-005
1433.183200,4.4930E-005
1433.462000,4.4800E-005
1433.740800,4.4930E-005
1434.019600,4.5380E-005
1434.298400,4.4170E-005
1434.577200,4.4990E-005
1434.856000,4.7800E-005
1435.134800,4.7810E-005
1435.413600,4.8560E-005
1435.692400,4.8560E-005
1435.971200,4.9270E-005
1436.250000,4.9000E-005
1436.528800,4.8920E-005
1436.807600,4.9230E-005
1437.086400,4.9020E-005
1437.365200,4.8710E-005
1437.644000,4.7200E-005
1437.922800,4.8220E-005
1438.201600,5.0520E-005
1438.480400,5.1030E-005
1438.759200,5.1270E-005
1439.038000,5.1800E-005
1439.316800,5.2260E-005
1439.595600,5.1920E-005
1439.874400,5.3160E-005
1440.153200,5.3040E-005
1440.432000,5.3520E-005
1440.710800,5.3580E-005
1440.989600,5.2850E-005
1441.268400,5.2040E-005
1441.547200,5.2210E-005
1441.826000,5.4790E-005
1442.104800,5.5090E-005
1442.383600,5.6010E-005
1442.662400,5.6550E-005
1442.941200,5.6940E-005
1443.220000,5.7890E-005
1443.498800,5.8510E-005
1443.777600,5.8650E-005
1444.056400,5.7330E-005
1444.335200,5.7180E-005
1444.614000,5.8020E-005
1444.892800,5.7590E-005
1445.171600,5.8020E-005
1445.450400,5.6970E-005
1445.729200,5.6440E-005
1446.008000,5.9650E-005
1446.286800,6.2910E-005
1446.565600,6.3840E-005
1446.844400,6.5080E-005
1447.123200,6.6050E-005
1447.402000,6.5860E-005
1447.680800,6.6290E-005
1447.959600,6.5830E-005
1448.238400,6.4710E-005
1448.517200,6.5130E-005
1448.796000,6.5990E-005
1449.074800,6.6370E-005
1449.353600,6.8040E-005
1449.632400,6.9470E-005
1449.911200,7.1890E-005
1450.190000,7.3160E-005
1450.468800,7.1480E-005
1450.747600,7.2290E-005
1451.026400,7.3520E-005
1451.305200,7.4250E-005
1451.584000,7.5070E-005
1451.862800,7.4000E-005
1452.141600,7.2950E-005
1452.420400,7.2830E-005
1452.699200,7.5440E-005
1452.978000,7.5420E-005
1453.256800,7.7970E-005
1453.535600,8.1400E-005
1453.814400,8.3660E-005
1454.093200,8.6130E-005
1454.372000,8.7590E-005
1454.650800,8.8610E-005
1454.929600,8.6280E-005
1455.208400,8.3770E-005
1455.487200,8.4250E-005
1455.766000,8.4060E-005
1456.044800,8.4120E-005
1456.323600,8.3700E-005
1456.602400,8.5570E-005
1456.881200,8.8190E-005
1457.160000,9.2810E-005
1457.438800,9.5550E-005
1457.717600,9.8210E-005
1457.996400,1.0200E-004
1458.275200,1.0390E-004
1458.554000,1.0310E-004
1458.832800,1.0160E-004
1459.111600,1.0030E-004
1459.390400,9.9700E-005
1459.669200,9.8860E-005
1459.948000,9.8840E-005
1460.226800,9.9110E-005
1460.505600,1.0150E-004
1460.784400,1.0690E-004
1461.063200,1.1200E-004
1461.342000,1.1870E-004
1461.620800,1.2230E-004
1461.899600,1.2640E-004
1462.178400,1.2710E-004
1462.457200,1.2440E-004
1462.736000,1.2260E-004
1463.014800,1.1790E-004
1463.293600,1.1690E-004
1463.572400,1.1620E-004
1463.851200,1.1970E-004
1464.130000,1.2070E-004
1464.408800,1.2740E-004
1464.687600,1.3670E-004
1464.966400,1.3830E-004
1465.245200,1.4780E-004
1465.524000,1.5220E-004
1465.802800,1.5540E-004
1466.081600,1.6120E-004
1466.360400,1.5500E-004
1466.639200,1.5430E-004
1466.918000,1.4570E-004
1467.196800,1.4030E-004
1467.475600,1.4440E-004
1467.754400,1.4320E-004
1468.033200,1.5010E-004
1468.312000,1.5330E-004
1468.590800,1.6980E-004
1468.869600,1.7820E-004
1469.148400,1.8430E-004
1469.427200,1.8960E-004
1469.706000,1.9220E-004
1469.984800,2.0270E-004
1470.263600,1.9820E-004
1470.542400,1.8520E-004
1470.821200,1.7970E-004
1471.100000,1.8250E-004
1471.378800,1.7840E-004
1471.657600,1.8820E-004
1471.936400,1.9340E-004
1472.215200,1.9770E-004
1472.494000,2.1770E-004
1472.772800,2.4250E-004
1473.051600,2.4430E-004
1473.330400,2.5870E-004
1473.609200,2.5850E-004
1473.888000,2.5140E-004
1474.166800,2.3870E-004
1474.445600,2.3340E-004
1474.724400,2.2710E-004
1475.003200,2.1850E-004
1475.282000,2.2050E-004
1475.560800,2.2400E-004
1475.839600,2.3630E-004
1476.118400,2.5320E-004
1476.397200,2.7670E-004
1476.676000,3.1150E-004
1476.954800,3.1250E-004
1477.233600,3.3170E-004
1477.512400,3.2990E-004
1477.791200,3.2130E-004
1478.070000,3.1980E-004
1478.348800,2.9860E-004
1478.627600,3.0060E-004
1478.906400,2.8010E-004
1479.185200,2.8630E-004
1479.464000,2.9890E-004
1479.742800,3.0520E-004
1480.021600,3.2790E-004
1480.300400,3.6250E-004
1480.579200,3.7700E-004
1480.858000,4.0900E-004
1481.136800,4.1370E-004
1481.415600,4.1700E-004
1481.694400,4.1820E-004
1481.973200,4.1650E-004
1482.252000,3.8020E-004
1482.530800,3.5170E-004
1482.809600,3.5510E-004
1483.088400,3.4370E-004
1483.367200,3.4970E-004
1483.646000,3.7700E-004
1483.924800,3.9990E-004
1484.203600,4.6030E-004
1484.482400,4.7790E-004
1484.761200,5.3870E-004
1485.040000,5.4930E-004
1485.318800,5.4200E-004
1485.597600,5.4730E-004
1485.876400,5.2470E-004
1486.155200,5.2600E-004
1486.434000,4.9700E-004
1486.712800,4.2990E-004
1486.991600,4.6140E-004
1487.270400,4.4390E-004
1487.549200,4.5410E-004
1487.828000,5.2850E-004
1488.106800,5.1600E-004
1488.385600,5.8850E-004
1488.664400,6.5760E-004
1488.943200,6.6960E-004
1489.222000,7.1050E-004
1489.500800,6.7530E-004
1489.779600,6.7980E-004
1490.058400,6.5190E-004
1490.337200,5.7530E-004
1490.616000,5.7580E-004
1490.894800,5.5930E-004
1491.173600,5.5360E-004
1491.452400,5.5560E-004
1491.731200,6.0660E-004
1492.010000,6.7630E-004
1492.288800,7.4410E-004
1492.567600,7.9020E-004
1492.846400,8.6690E-004
1493.125200,8.6320E-004
1493.404000,8.3420E-004
1493.682800,8.5800E-004
1493.961600,7.5340E-004
1494.240400,7.6190E-004
1494.519200,6.4240E-004
1494.798000,6.3860E-004
1495.076800,6.1790E-004
1495.355600,6.3220E-004
1495.634400,6.9420E-004
1495.913200,7.6110E-004
1496.192000,8.3660E-004
1496.470800,9.0710E-004
1496.749600,9.6660E-004
1497.028400,1.0580E-003
1497.307200,1.0630E-003
1497.586000,1.0660E-003
1497.864800,1.0290E-003
1498.143600,9.6700E-004
1498.422400,9.3900E-004
1498.701200,8.5360E-004
1498.980000,7.7980E-004
1499.258800,7.6980E-004
1499.537600,8.0340E-004
1499.816400,8.4310E-004
1500.095200,8.8640E-004
1500.374000,9.9890E-004
1500.652800,1.0890E-003
1500.931600,1.1430E-003
1501.210400,1.2310E-003
1501.489200,1.2910E-003
1501.768000,1.1640E-003
1502.046800,1.1260E-003
1502.325600,9.4640E-004
1502.604400,9.7910E-004
1502.883200,8.9970E-004
1503.162000,8.6170E-004
1503.440800,8.7630E-004
1503.719600,8.8860E-004
1503.998400,1.0080E-003
1504.277200,1.0220E-003
1504.556000,1.1040E-003
1504.834800,1.3410E-003
1505.113600,1.3230E-003
1505.392400,1.3380E-003
1505.671200,1.4230E-003
1505.950000,1.2630E-003
1506.228800,1.1880E-003
1506.507600,1.2640E-003
1506.786400,1.0500E-003
1507.065200,1.0560E-003
1507.344000,1.0190E-003
1507.622800,1.0140E-003
1507.901600,1.0020E-003
1508.180400,1.2500E-003
1508.459200,1.3710E-003
1508.738000,1.2820E-003
1509.016800,1.6880E-003
1509.295600,1.5900E-003
1509.574400,1.6710E-003
1509.853200,1.8810E-003
1510.132000,1.6030E-003
1510.410800,1.5750E-003
1510.689600,1.6500E-003
1510.968400,1.2940E-003
1511.247200,1.1850E-003
1511.526000,1.1320E-003
1511.804800,1.0790E-003
1512.083600,1.0530E-003
1512.362400,1.3620E-003
1512.641200,1.2080E-003
1512.920000,1.3830E-003
1513.198800,1.6530E-003
1513.477600,1.6150E-003
1513.756400,1.4850E-003
1514.035200,1.6750E-003
1514.314000,1.5150E-003
1514.592800,1.4280E-003
1514.871600,1.3740E-003
1515.150400,1.3530E-003
1515.429200,1.2580E-003
1515.708000,1.2160E-003
1515.986800,1.2190E-003
1516.265600,1.2880E-003
1516.544400,1.3500E-003
1516.823200,1.7950E-003
1517.102000,1.7160E-003
1517.380800,1.8570E-003
1517.659600,2.1830E-003
1517.938400,1.8370E-003
1518.217200,1.8010E-003
1518.496000,2.0100E-003
1518.774800,2.0150E-003
1519.053600,1.5490E-003
1519.332400,1.6920E-003
1519.611200,1.5890E-003
1519.890000,1.3700E-003
1520.168800,1.6220E-003
1520.447600,1.4690E-003
1520.726400,1.5120E-003
1521.005200,1.5050E-003
1521.284000,1.7920E-003
1521.562800,1.7490E-003
1521.841600,2.3510E-003
1522.120400,1.9430E-003
1522.399200,1.9190E-003
1522.678000,2.2100E-003
1522.956800,1.9880E-003
1523.235600,1.7490E-003
1523.514400,1.9090E-003
1523.793200,1.6950E-003
1524.072000,1.3180E-003
1524.350800,1.6380E-003
1524.629600,1.7110E-003
1524.908400,1.5440E-003
1525.187200,1.5850E-003
1525.466000,1.7730E-003
1525.744800,1.9220E-003
1526.023600,1.8620E-003
1526.302400,2.0070E-003
1526.581200,1.7560E-003
1526.860000,1.6920E-003
1527.138800,1.8760E-003
1527.417600,1.8630E-003
1527.696400,1.7930E-003
1527.975200,1.8600E-003
1528.254000,2.1750E-003
1528.532800,1.9950E-003
1528.811600,2.0190E-003
1529.090400,2.6060E-003
1529.369200,2.6110E-003
1529.648000,2.4970E-003
1529.926800,3.2230E-003
1530.205600,2.7080E-003
1530.484400,3.0700E-003
1530.763200,3.3800E-003
1531.042000,2.7780E-003
1531.320800,2.9590E-003
1531.599600,2.8930E-003
1531.878400,2.3330E-003
1532.157200,2.2600E-003
1532.436000,2.4760E-003
1532.714800,1.9940E-003
1532.993600,2.0410E-003
1533.272400,2.1220E-003
1533.551200,2.3520E-003
1533.830000,2.2450E-003
1534.108800,1.8930E-003
1534.387600,2.0960E-003
1534.666400,1.9480E-003
1534.945200,1.8390E-003
1535.224000,2.0320E-003
1535.502800,2.2640E-003
1535.781600,1.8490E-003
1536.060400,2.1130E-003
1536.339200,2.3080E-003
1536.618000,1.9730E-003
1536.896800,2.4240E-003
1537.175600,2.5010E-003
1537.454400,2.4140E-003
1537.733200,2.2990E-003
1538.012000,3.0110E-003
1538.290800,2.6110E-003
1538.569600,2.7340E-003
1538.848400,3.0670E-003
1539.127200,2.3790E-003
1539.406000,2.7640E-003
1539.684800,2.8430E-003
1539.963600,3.1620E-003
1540.242400,3.7300E-003
1540.521200,2.8820E-003
1540.800000,2.1820E-003
1541.078800,2.9580E-003
1541.357600,2.8380E-003
1541.636400,3.1710E-003
1541.915200,4.0750E-003
1542.194000,3.3970E-003
1542.472800,4.0320E-003
1542.751600,6.7240E-003
1543.030400,1.0680E-002
1543.309200,1.6650E-002
1543.588000,1.4180E-002
1543.866800,6.2180E-003
1544.145600,9.1690E-003
1544.424400,1.0020E-002
1544.703200,7.8440E-003
1544.982000,6.1170E-003
1545.260800,3.2340E-003
1545.539600,2.7550E-003
1545.818400,2.8460E-003
1546.097200,3.3300E-003
1546.376000,4.0050E-003
1546.654800,3.4960E-003
1546.933600,3.6140E-003
1547.212400,4.3580E-003
1547.491200,5.1060E-003
1547.770000,3.6480E-003
1548.048800,2.7650E-003
1548.327600,3.0720E-003
1548.606400,4.0300E-003
1548.885200,5.2410E-003
1549.164000,3.5720E-003
1549.442800,3.0360E-003
1549.721600,2.9910E-003
1550.000400,3.6810E-003
1550.279200,5.5620E-003
1550.558000,5.8690E-003
1550.836800,7.0070E-003
1551.115600,5.6860E-003
1551.394400,4.7500E-003
1551.673200,5.1320E-003
1551.952000,6.2120E-003
1552.230800,7.1740E-003
1552.509600,9.4920E-003
1552.788400,7.3160E-003
1553.067200,7.3690E-003
1553.346000,6.2280E-003
1553.624800,4.4390E-003
1553.903600,4.4560E-003
1554.182400,4.9930E-003
1554.461200,4.7120E-003
1554.740000,5.7500E-003
1555.018800,5.2720E-003
1555.297600,4.5020E-003
1555.576400,6.4680E-003
1555.855200,6.2630E-003
1556.134000,7.8270E-003
1556.412800,1.0660E-002
1556.691600,9.6850E-003
1556.970400,9.9360E-003
1557.249200,9.3800E-003
1557.528000,7.6600E-003
1557.806800,6.0180E-003
1558.085600,5.3630E-003
1558.364400,5.4340E-003
1558.643200,5.8060E-003
1558.922000,4.6630E-003
1559.200800,4.8920E-003
1559.479600,5.2180E-003
1559.758400,3.5730E-003
1560.037200,4.0780E-003
1560.316000,3.2620E-003
1560.594800,4.2580E-003
1560.873600,7.3780E-003
1561.152400,6.8530E-003
1561.431200,6.8780E-003
1561.710000,8.6750E-003
1561.988800,6.2440E-003
1562.267600,5.1040E-003
1562.546400,4.2680E-003
1562.825200,3.3850E-003
1563.104000,3.0420E-003
1563.382800,3.5920E-003
1563.661600,3.3400E-003
1563.940400,3.6400E-003
1564.219200,4.4700E-003
1564.498000,3.8360E-003
1564.776800,3.3040E-003
1565.055600,3.9370E-003
1565.334400,4.9090E-003
1565.613200,5.5560E-003
1565.892000,4.6760E-003
1566.170800,5.3760E-003
1566.449600,4.4620E-003
1566.728400,2.9170E-003
1567.007200,3.1910E-003
1567.286000,3.4090E-003
1567.564800,4.2280E-003
1567.843600,4.7940E-003
1568.122400,3.0350E-003
1568.401200,2.7760E-003
1568.680000,2.8250E-003
1568.958800,2.5170E-003
1569.237600,2.7180E-003
1569.516400,3.0790E-003
1569.795200,3.5790E-003
1570.074000,4.1010E-003
1570.352800,4.3270E-003
1570.631600,3.9280E-003
1570.910400,3.7570E-003
1571.189200,3.6560E-003
1571.468000,4.1160E-003
1571.746800,4.3210E-003
1572.025600,5.0190E-003
1572.304400,4.6830E-003
1572.583200,5.5360E-003
1572.862000,5.3290E-003
1573.140800,4.4370E-003
1573.419600,5.8300E-003
1573.698400,4.7900E-003
1573.977200,4.7700E-003
1574.256000,5.0650E-003
1574.534800,4.4920E-003
1574.813600,5.5740E-003
1575.092400,4.5890E-003
1575.371200,3.7660E-003
1575.650000,5.0530E-003
1575.928800,3.4500E-003
1576.207600,4.2050E-003
1576.486400,5.4050E-003
1576.765200,4.8210E-003
1577.044000,4.8110E-003
1577.322800,5.6400E-003
1577.601600,4.5130E-003
1577.880400,4.0060E-003
1578.159200,4.6790E-003
1578.438000,3.6920E-003
1578.716800,2.9910E-003
1578.995600,2.8050E-003
1579.274400,2.2910E-003
1579.553200,1.7860E-003
1579.832000,1.6780E-003
1580.110800,1.6490E-003
1580.389600,1.6400E-003
1580.668400,1.6510E-003
1580.947200,1.7670E-003
1581.226000,2.3770E-003
1581.504800,2.4340E-003
1581.783600,2.2610E-003
1582.062400,2.5160E-003
1582.341200,2.3670E-003
1582.620000,2.2930E-003
1582.898800,2.2740E-003
1583.177600,2.2500E-003
1583.456400,2.2330E-003
1583.735200,2.0910E-003
1584.014000,2.0680E-003
1584.292800,2.8100E-003
1584.571600,2.8360E-003
1584.850400,3.3410E-003
1585.129200,3.7600E-003
1585.408000,3.7440E-003
1585.686800,3.4820E-003
1585.965600,4.3650E-003
1586.244400,3.3340E-003
1586.523200,3.2530E-003
1586.802000,3.5460E-003
1587.080800,2.6790E-003
1587.359600,2.1960E-003
1587.638400,2.1220E-003
1587.917200,1.8790E-003
1588.196000,1.6170E-003
1588.474800,1.6090E-003
1588.753600,1.9300E-003
1589.032400,2.2870E-003
1589.311200,2.2050E-003
1589.590000,2.7900E-003
1589.868800,3.3480E-003
1590.147600,2.8140E-003
1590.426400,2.8630E-003
1590.705200,3.4620E-003
1590.984000,3.2840E-003
1591.262800,2.4110E-003
1591.541600,2.6850E-003
1591.820400,1.9320E-003
1592.099200,1.6210E-003
1592.378000,1.6280E-003
1592.656800,1.2810E-003
1592.935600,1.2120E-003
1593.214400,1.3280E-003
1593.493200,1.3570E-003
1593.772000,1.5980E-003
1594.050800,1.8910E-003
1594.329600,1.8520E-003
1594.608400,2.2880E-003
1594.887200,2.3480E-003
1595.166000,1.9240E-003
1595.444800,2.3780E-003
1595.723600,2.1410E-003
1596.002400,1.4850E-003
1596.281200,1.7080E-003
1596.560000,1.5090E-003
1596.838800,1.8200E-003
1597.117600,1.8680E-003
1597.396400,1.9320E-003
1597.675200,2.5440E-003
1597.954000,2.4700E-003
1598.232800,2.7780E-003
1598.511600,3.0670E-003
1598.790400,2.8700E-003
1599.069200,2.8650E-003
1599.348000,3.0400E-003
1599.626800,2.8900E-003
1599.905600,2.2120E-003
1600.184400,2.2620E-003
1600.463200,2.0370E-003
1600.742000,1.4470E-003
1601.020800,1.2450E-003
1601.299600,1.3060E-003
1601.578400,1.1220E-003
1601.857200,1.3670E-003
1602.136000,1.2490E-003
1602.414800,1.5630E-003
1602.693600,1.9350E-003
1602.972400,1.6970E-003
1603.251200,2.1410E-003
1603.530000,1.9400E-003
1603.808800,2.1280E-003
1604.087600,2.3070E-003
1604.366400,2.1470E-003
1604.645200,1.9820E-003
1604.924000,2.1010E-003
1605.202800,2.0310E-003
1605.481600,1.7530E-003
1605.760400,1.7810E-003
1606.039200,1.8400E-003
1606.318000,1.8000E-003
1606.596800,1.8140E-003
1606.875600,1.8330E-003
1607.154400,1.7200E-003
1607.433200,1.8240E-003
1607.712000,1.8210E-003
1607.990800,1.7280E-003
1608.269600,1.8250E-003
1608.548400,1.5830E-003
1608.827200,1.4730E-003
1609.106000,1.6910E-003
1609.384800,1.3880E-003
1609.663600,1.5180E-003
1609.942400,1.4930E-003
1610.221200,1.5080E-003
1610.500000,1.6840E-003
1610.778800,1.7170E-003
1611.057600,1.8310E-003
1611.336400,2.2550E-003
1611.615200,2.1550E-003
1611.894000,2.2760E-003
1612.172800,2.2690E-003
1612.451600,2.1850E-003
1612.730400,1.9860E-003
1613.009200,2.1410E-003
1613.288000,1.9280E-003
1613.566800,1.8170E-003
1613.845600,1.8580E-003
1614.124400,1.7720E-003
1614.403200,1.8470E-003
1614.682000,1.7000E-003
1614.960800,1.7000E-003
1615.239600,1.7920E-003
1615.518400,1.9560E-003
1615.797200,1.6870E-003
1616.076000,1.7240E-003
1616.354800,1.8990E-003
1616.633600,1.6520E-003
1616.912400,1.8590E-003
1617.191200,1.8000E-003
1617.470000,1.8180E-003
1617.748800,1.7720E-003
1618.027600,1.7220E-003
1618.306400,1.7710E-003
1618.585200,1.8130E-003
1618.864000,1.7820E-003
1619.142800,1.8370E-003
1619.421600,1.7970E-003
1619.700400,1.9090E-003
1619.979200,2.0750E-003
1620.258000,2.1790E-003
1620.536800,2.1080E-003
1620.815600,2.1690E-003
1621.094400,2.1980E-003
1621.373200,2.2360E-003
1621.652000,1.9690E-003
1621.930800,1.9840E-003
1622.209600,1.9930E-003
1622.488400,1.9410E-003
1622.767200,1.7940E-003
1623.046000,1.7080E-003
1623.324800,1.7500E-003
1623.603600,1.8970E-003
1623.882400,1.8490E-003
1624.161200,1.7960E-003
1624.440000,1.9380E-003
1624.718800,1.7490E-003
1624.997600,1.8980E-003
1625.276400,2.0570E-003
1625.555200,1.8850E-003
1625.834000,2.1020E-003
1626.112800,1.8820E-003
1626.391600,1.8600E-003
1626.670400,1.8830E-003
1626.949200,2.0130E-003
1627.228000,1.7710E-003
1627.506800,1.7820E-003
1627.785600,1.9830E-003
1628.064400,1.8010E-003
1628.343200,1.9960E-003
1628.622000,1.9990E-003
1628.900800,1.9720E-003
1629.179600,1.9130E-003
1629.458400,2.0520E-003
1629.737200,2.0760E-003
1630.016000,1.9700E-003
1630.294800,2.0910E-003
1630.573600,1.9410E-003
1630.852400,1.8270E-003
1631.131200,1.9780E-003
1631.410000,1.7260E-003
1631.688800,1.8050E-003
1631.967600,1.8720E-003
1632.246400,1.7300E-003
1632.525200,1.9470E-003
1632.804000,1.8100E-003
1633.082800,1.7820E-003
1633.361600,1.7830E-003
1633.640400,1.8690E-003
1633.919200,1.8820E-003
1634.198000,1.8560E-003
1634.476800,1.9650E-003
1634.755600,1.7260E-003
1635.034400,1.9320E-003
1635.313200,2.0060E-003
1635.592000,1.6930E-003
1635.870800,1.8070E-003
1636.149600,1.7400E-003
1636.428400,1.6740E-003
1636.707200,1.6060E-003
1636.986000,1.8090E-003
1637.264800,1.7210E-003
1637.543600,1.6820E-003
1637.822400,1.7430E-003
1638.101200,1.7190E-003
1638.380000,1.9140E-003
1638.658800,1.7410E-003
1638.937600,1.5770E-003
1639.216400,1.6760E-003
1639.495200,1.8840E-003
1639.774000,1.5120E-003
1640.052800,1.9370E-003
1640.331600,1.6520E-003
1640.610400,1.5650E-003
1640.889200,1.8060E-003
1641.168000,1.7750E-003
1641.446800,1.7050E-003
1641.725600,1.7470E-003
1642.004400,1.7560E-003
1642.283200,1.4350E-003
1642.562000,1.7010E-003
1642.840800,1.4720E-003
1643.119600,1.4860E-003
1643.398400,1.5020E-003
1643.677200,1.7560E-003
1643.956000,1.4790E-003
1644.234800,1.7530E-003
1644.513600,1.6790E-003
1644.792400,1.4930E-003
1645.071200,1.5720E-003
1645.350000,1.6710E-003
1645.628800,1.3460E-003
1645.907600,1.3400E-003
1646.186400,1.4970E-003
1646.465200,1.4520E-003
1646.744000,1.5300E-003
1647.022800,1.4680E-003
1647.301600,1.3000E-003
1647.580400,1.5150E-003
1647.859200,1.5090E-003
1648.138000,1.3470E-003
1648.416800,1.2990E-003
1648.695600,1.3360E-003
1648.974400,1.2510E-003
1649.253200,1.4710E-003
1649.532000,1.4730E-003
1649.810800,1.2600E-003
1650.089600,1.2700E-003
1650.368400,1.3920E-003
1650.647200,1.3770E-003
1650.926000,1.3630E-003
1651.204800,1.3410E-003
1651.483600,1.1190E-003
1651.762400,1.2210E-003
1652.041200,1.2280E-003
1652.320000,1.0370E-003
1652.598800,1.2740E-003
1652.877600,1.2480E-003
1653.156400,1.1490E-003
1653.435200,1.2140E-003
1653.714000,1.0860E-003
1653.992800,1.0590E-003
1654.271600,1.1910E-003
1654.550400,1.1550E-003
1654.829200,1.0030E-003
1655.108000,1.0980E-003
1655.386800,1.1660E-003
1655.665600,1.0120E-003
1655.944400,9.0260E-004
1656.223200,1.0840E-003
1656.502000,9.1270E-004
1656.780800,9.4880E-004
1657.059600,1.0530E-003
1657.338400,9.1510E-004
1657.617200,1.0620E-003
1657.896000,1.0080E-003
1658.174800,1.0060E-003
1658.453600,9.5710E-004
1658.732400,9.4290E-004
1659.011200,9.7330E-004
1659.290000,8.0060E-004
1659.568800,9.4980E-004
1659.847600,9.2310E-004
1660.126400,7.9470E-004
1660.405200,8.8960E-004
1660.684000,8.3670E-004
1660.962800,7.3930E-004
1661.241600,7.8020E-004
1661.520400,8.5520E-004
1661.799200,7.3410E-004
1662.078000,8.4020E-004
1662.356800,7.7930E-004
1662.635600,7.3240E-004
1662.914400,8.1820E-004
1663.193200,7.6300E-004
1663.472000,6.9320E-004
1663.750800,7.8750E-004
1664.029600,8.0030E-004
1664.308400,7.1570E-004
1664.587200,7.0620E-004
1664.866000,7.5470E-004
1665.144800,6.2730E-004
1665.423600,7.2010E-004
1665.702400,6.9640E-004
1665.981200,6.5750E-004
1666.260000,6.3980E-004
1666.538800,6.9100E-004
1666.817600,6.2770E-004
1667.096400,6.6580E-004
1667.375200,6.2530E-004
1667.654000,5.9070E-004
1667.932800,6.0320E-004
1668.211600,6.4060E-004
1668.490400,5.3750E-004
1668.769200,6.1020E-004
1669.048000,5.8270E-004
1669.326800,5.3260E-004
1669.605600,5.2990E-004
1669.884400,5.4370E-004
1670.163200,5.3310E-004
1670.442000,5.3840E-004
1670.720800,5.6730E-004
1670.999600,5.3170E-004
1671.278400,5.3340E-004
1671.557200,4.9650E-004
1671.836000,5.4330E-004
1672.114800,4.7070E-004
1672.393600,5.2230E-004
1672.672400,5.1780E-004
1672.951200,4.8040E-004
1673.230000,4.4240E-004
1673.508800,5.0140E-004
1673.787600,4.6670E-004
1674.066400,4.4820E-004
1674.345200,4.8150E-004
1674.624000,4.1490E-004
1674.902800,4.2790E-004
1675.181600,4.4310E-004
1675.460400,4.1870E-004
1675.739200,4.3130E-004
1676.018000,4.3410E-004
1676.296800,4.2900E-004
1676.575600,3.9290E-004
1676.854400,4.1900E-004
1677.133200,4.0870E-004
1677.412000,3.8460E-004
1677.690800,3.8310E-004
1677.969600,3.8300E-004
1678.248400,3.8780E-004
1678.527200,3.4750E-004
1678.806000,3.6490E-004
1679.084800,3.7980E-004
1679.363600,3.3350E-004
1679.642400,3.5700E-004
1679.921200,3.4360E-004
1680.200000,3.4710E-004
1680.478800,3.6860E-004
1680.757600,3.1560E-004
1681.036400,3.1500E-004
1681.315200,3.5000E-004
1681.594000,3.3660E-004
1681.872800,3.0600E-004
1682.151600,3.2640E-004
1682.430400,3.3410E-004
1682.709200,3.0120E-004
1682.988000,3.2790E-004
1683.266800,3.1600E-004
1683.545600,2.9530E-004
1683.824400,3.0100E-004
1684.103200,3.0270E-004
1684.382000,3.0590E-004
1684.660800,2.7870E-004
1684.939600,3.0620E-004
1685.218400,2.7210E-004
1685.497200,2.6650E-004
1685.776000,2.8820E-004
1686.054800,2.6180E-004
1686.333600,2.9110E-004
1686.612400,2.8770E-004
1686.891200,2.5700E-004
1687.170000,2.4850E-004
1687.448800,2.6630E-004
1687.727600,2.5940E-004
1688.006400,2.6250E-004
1688.285200,2.5120E-004
1688.564000,2.7190E-004
1688.842800,2.5920E-004
1689.121600,2.6400E-004
1689.400400,2.6940E-004
1689.679200,2.4970E-004
1689.958000,2.5600E-004
1690.236800,2.4620E-004
1690.515600,2.3870E-004
1690.794400,2.4660E-004
1691.073200,2.4710E-004
1691.352000,2.4420E-004
1691.630800,2.3400E-004
1691.909600,2.1860E-004
1692.188400,2.4010E-004
1692.467200,2.1700E-004
1692.746000,2.3160E-004
1693.024800,2.2580E-004
1693.303600,2.1160E-004
1693.582400,2.2210E-004
1693.861200,2.1640E-004
1694.140000,2.1720E-004
1694.418800,2.1550E-004
1694.697600,2.1780E-004
1694.976400,2.1650E-004
1695.255200,2.2160E-004
1695.534000,2.2370E-004
1695.812800,2.1990E-004
1696.091600,2.1070E-004
1696.370400,2.2030E-004
1696.649200,2.1590E-004
1696.928000,2.0320E-004
1697.206800,2.0670E-004
1697.485600,2.1290E-004
1697.764400,1.9700E-004
1698.043200,1.9530E-004
1698.322000,1.9790E-004
1698.600800,1.9730E-004
1698.879600,1.9910E-004
1699.158400,1.9630E-004
1699.437200,1.9460E-004
1699.716000,1.9570E-004
1699.994800,1.9180E-004
1700.273600,1.8710E-004
1700.552400,1.8590E-004
1700.831200,1.9220E-004
1701.110000,1.8410E-004
1701.388800,1.9140E-004
1701.667600,1.8820E-004
1701.946400,1.8940E-004
1702.225200,1.8840E-004
1702.504000,1.8950E-004
1702.782800,1.8750E-004
1703.061600,1.8250E-004
1703.340400,1.8200E-004
1703.619200,1.8290E-004
1703.898000,1.7880E-004
1704.176800,1.7830E-004
1704.455600,1.8000E-004
1704.734400,1.7680E-004
1705.013200,1.7000E-004
1705.292000,1.7210E-004
1705.570800,1.6530E-004
1705.849600,1.6720E-004
1706.128400,1.6550E-004
1706.407200,1.6380E-004
1706.686000,1.6300E-004
1706.964800,1.6160E-004
1707.243600,1.6320E-004
1707.522400,1.5540E-004
1707.801200,1.6020E-004
1708.080000,1.6120E-004
1708.358800,1.6180E-004
1708.637600,1.6070E-004
1708.916400,1.5830E-004
1709.195200,1.5930E-004
1709.474000,1.6060E-004
1709.752800,1.5890E-004
1710.031600,1.5630E-004
1710.310400,1.5440E-004
1710.589200,1.5250E-004
1710.868000,1.5290E-004
1711.146800,1.5030E-004
1711.425600,1.4910E-004
1711.704400,1.4820E-004
1711.983200,1.4400E-004
1712.262000,1.4590E-004
1712.540800,1.4270E-004
1712.819600,1.4060E-004
1713.098400,1.3910E-004
1713.377200,1.3650E-004
1713.656000,1.3910E-004
1713.934800,1.3450E-004
1714.213600,1.3450E-004
1714.492400,1.3460E-004
1714.771200,1.3460E-004
1715.050000,1.3840E-004
1715.328800,1.3330E-004
1715.607600,1.3410E-004
1715.886400,1.3640E-004
1716.165200,1.3640E-004
1716.444000,1.3500E-004
1716.722800,1.3310E-004
1717.001600,1.3040E-004
1717.280400,1.2980E-004
1717.559200,1.3160E-004
1717.838000,1.3040E-004
1718.116800,1.2790E-004
1718.395600,1.2410E-004
1718.674400,1.2240E-004
1718.953200,1.2100E-004
1719.232000,1.1930E-004
1719.510800,1.2020E-004
1719.789600,1.1830E-004
1720.068400,1.1680E-004
1720.347200,1.1810E-004
1720.626000,1.1760E-004
1720.904800,1.1760E-004
1721.183600,1.1570E-004
1721.462400,1.1390E-004
1721.741200,1.1280E-004
1722.020000,1.1620E-004
1722.298800,1.1540E-004
1722.577600,1.1910E-004
1722.856400,1.1570E-004
1723.135200,1.1480E-004
1723.414000,1.1290E-004
1723.692800,1.1280E-004
1723.971600,1.1330E-004
1724.250400,1.1240E-004
1724.529200,1.1260E-004
1724.808000,1.1190E-004
1725.086800,1.0910E-004
1725.365600,1.1100E-004
1725.644400,1.0690E-004
1725.923200,1.0670E-004
1726.202000,1.0890E-004
1726.480800,1.0620E-004
1726.759600,1.0540E-004
1727.038400,1.0770E-004
1727.317200,1.0440E-004
1727.596000,1.0520E-004
1727.874800,1.0490E-004
1728.153600,1.0240E-004
1728.432400,1.0320E-004
1728.711200,1.0300E-004
1728.990000,1.0580E-004
1729.268800,1.0630E-004
1729.547600,1.0690E-004
1729.826400,1.0670E-004
1730.105200,1.0450E-004
1730.384000,1.0340E-004
1730.662800,1.0570E-004
1730.941600,1.0750E-004
1731.220400,1.0570E-004
1731.499200,1.0740E-004
1731.778000,1.0170E-004
1732.056800,1.0110E-004
1732.335600,1.0010E-004
1732.614400,1.0060E-004
1732.893200,9.7540E-005
1733.172000,9.9450E-005
1733.450800,9.9080E-005
1733.729600,9.6700E-005
1734.008400,1.0080E-004
1734.287200,9.7230E-005
1734.566000,9.9720E-005
1734.844800,9.6560E-005
1735.123600,9.7610E-005
1735.402400,9.5500E-005
1735.681200,9.6840E-005
1735.960000,1.0050E-004
1736.238800,1.0030E-004
1736.517600,9.8760E-005
1736.796400,9.7270E-005
1737.075200,9.5720E-005
1737.354000,9.5680E-005
1737.632800,9.5740E-005
1737.911600,9.2750E-005
1738.190400,9.6820E-005
1738.469200,9.1290E-005
1738.748000,9.2830E-005
1739.026800,9.2950E-005
1739.305600,9.1130E-005
1739.584400,8.7640E-005
1739.863200,8.8670E-005
1740.142000,8.7890E-005
1740.420800,9.0360E-005
1740.699600,8.9140E-005
1740.978400,8.6220E-005
1741.257200,8.8260E-005
1741.536000,8.7780E-005
1741.814800,9.0380E-005
1742.093600,8.7800E-005
1742.372400,8.5890E-005
1742.651200,8.8890E-005
1742.930000,8.4300E-005
1743.208800,8.4820E-005
1743.487600,8.5930E-005
1743.766400,8.4840E-005
1744.045200,8.5230E-005
1744.324000,7.9830E-005
1744.602800,8.0080E-005
1744.881600,8.4620E-005
1745.160400,8.1570E-005
1745.439200,8.0590E-005
1745.718000,8.2720E-005
1745.996800,8.0190E-005
1746.275600,7.8860E-005
1746.554400,7.5700E-005
1746.833200,7.5230E-005
1747.112000,7.2200E-005
1747.390800,7.5270E-005
1747.669600,7.4000E-005
1747.948400,7.4960E-005
1748.227200,7.4060E-005
1748.506000,6.9600E-005
1748.784800,6.7680E-005
1749.063600,7.1030E-005
1749.342400,6.8920E-005
1749.621200,6.5420E-005
1749.900000,6.9200E-005
