File,MUESTRA_0_27_9.csv,
Date/Time,23-02-17/13:18,

Center Wavelength,1471.1,nm
Span Wavelength,557.6,nm
Start Wavelength,1192.3,nm
Stop Wavelength,1749.9,nm
Value In Air/Vacuum,Vacuum,
Optical Attenuater,Off,
Resolution,0.5,nm
Actual Resolution,0.494,nm
VBW,2000,Hz
Point Average,Off,
Sweep Average,1,
Smooth,Off,
Sampling Points,2001,pt
Trace Type,Write,
Trace Storage Mode,Off,
Trace Calculate Trace 1,-,
Trace Calculate Trace 2,-,
Dynamic Range,Normal,
Ext-Trigger,Off,
Interval Time,Off,
MM Mode,Off,

Trace,A
Start,1192.3,nm
Stop,1749.9,nm
1192.300000,1.8800E-007
1192.578800,2.0880E-007
1192.857600,1.6760E-007
1193.136400,1.7580E-007
1193.415200,1.9050E-007
1193.694000,1.6690E-007
1193.972800,1.9280E-007
1194.251600,1.6290E-007
1194.530400,1.4880E-007
1194.809200,2.0020E-007
1195.088000,1.8190E-007
1195.366800,2.4110E-007
1195.645600,1.9050E-007
1195.924400,1.8250E-007
1196.203200,2.0620E-007
1196.482000,2.0320E-007
1196.760800,1.6420E-007
1197.039600,1.4830E-007
1197.318400,1.7490E-007
1197.597200,1.8080E-007
1197.876000,1.8130E-007
1198.154800,2.0210E-007
1198.433600,1.3510E-007
1198.712400,2.1860E-007
1198.991200,2.1580E-007
1199.270000,1.8920E-007
1199.548800,1.9130E-007
1199.827600,1.9730E-007
1200.106400,1.2580E-007
1200.385200,1.8460E-007
1200.664000,2.0980E-007
1200.942800,1.3820E-007
1201.221600,1.6140E-007
1201.500400,1.6080E-007
1201.779200,1.1090E-007
1202.058000,1.3230E-007
1202.336800,1.7760E-007
1202.615600,1.4510E-007
1202.894400,1.9290E-007
1203.173200,1.4870E-007
1203.452000,1.7750E-007
1203.730800,1.5630E-007
1204.009600,1.8750E-007
1204.288400,1.0520E-007
1204.567200,1.3620E-007
1204.846000,1.2210E-007
1205.124800,2.0050E-007
1205.403600,1.5470E-007
1205.682400,1.5720E-007
1205.961200,1.7660E-007
1206.240000,1.4980E-007
1206.518800,2.1300E-007
1206.797600,2.1960E-007
1207.076400,1.6840E-007
1207.355200,1.8390E-007
1207.634000,1.9590E-007
1207.912800,1.8720E-007
1208.191600,1.6150E-007
1208.470400,1.7420E-007
1208.749200,2.2860E-007
1209.028000,1.8160E-007
1209.306800,1.7760E-007
1209.585600,2.1230E-007
1209.864400,1.6320E-007
1210.143200,1.6680E-007
1210.422000,1.6490E-007
1210.700800,1.8220E-007
1210.979600,1.6420E-007
1211.258400,2.0270E-007
1211.537200,1.8330E-007
1211.816000,1.2710E-007
1212.094800,1.6100E-007
1212.373600,1.5520E-007
1212.652400,1.8370E-007
1212.931200,1.7620E-007
1213.210000,1.5580E-007
1213.488800,1.3950E-007
1213.767600,1.7700E-007
1214.046400,1.7230E-007
1214.325200,1.6260E-007
1214.604000,1.6470E-007
1214.882800,1.8230E-007
1215.161600,1.6760E-007
1215.440400,2.0210E-007
1215.719200,1.7260E-007
1215.998000,2.3080E-007
1216.276800,1.8300E-007
1216.555600,1.9400E-007
1216.834400,9.6680E-008
1217.113200,1.9360E-007
1217.392000,1.8880E-007
1217.670800,1.9330E-007
1217.949600,1.9760E-007
1218.228400,1.8100E-007
1218.507200,1.6670E-007
1218.786000,1.4760E-007
1219.064800,1.9790E-007
1219.343600,1.3150E-007
1219.622400,1.9080E-007
1219.901200,1.7120E-007
1220.180000,1.5990E-007
1220.458800,1.4180E-007
1220.737600,1.3980E-007
1221.016400,1.9340E-007
1221.295200,1.2980E-007
1221.574000,1.8340E-007
1221.852800,2.3160E-007
1222.131600,1.7640E-007
1222.410400,2.0510E-007
1222.689200,1.6340E-007
1222.968000,1.3980E-007
1223.246800,2.1450E-007
1223.525600,1.4870E-007
1223.804400,1.5130E-007
1224.083200,1.9580E-007
1224.362000,1.2260E-007
1224.640800,1.2920E-007
1224.919600,1.4580E-007
1225.198400,1.5890E-007
1225.477200,1.5970E-007
1225.756000,1.6410E-007
1226.034800,1.9960E-007
1226.313600,1.5900E-007
1226.592400,1.7880E-007
1226.871200,1.8520E-007
1227.150000,1.5540E-007
1227.428800,1.6250E-007
1227.707600,2.0060E-007
1227.986400,1.7200E-007
1228.265200,1.9810E-007
1228.544000,1.6060E-007
1228.822800,1.5860E-007
1229.101600,1.7860E-007
1229.380400,1.9020E-007
1229.659200,1.4710E-007
1229.938000,2.4050E-007
1230.216800,1.4940E-007
1230.495600,1.3960E-007
1230.774400,1.7110E-007
1231.053200,1.5120E-007
1231.332000,1.9990E-007
1231.610800,2.1740E-007
1231.889600,1.6270E-007
1232.168400,1.8730E-007
1232.447200,1.8080E-007
1232.726000,1.3750E-007
1233.004800,2.2280E-007
1233.283600,1.6330E-007
1233.562400,1.9050E-007
1233.841200,1.6050E-007
1234.120000,1.2640E-007
1234.398800,1.4690E-007
1234.677600,1.6560E-007
1234.956400,1.8380E-007
1235.235200,1.7840E-007
1235.514000,1.6370E-007
1235.792800,1.5780E-007
1236.071600,1.7980E-007
1236.350400,1.3720E-007
1236.629200,1.5800E-007
1236.908000,1.7860E-007
1237.186800,1.1110E-007
1237.465600,1.4870E-007
1237.744400,1.8820E-007
1238.023200,1.7000E-007
1238.302000,1.9740E-007
1238.580800,1.9020E-007
1238.859600,1.5780E-007
1239.138400,1.6940E-007
1239.417200,1.0610E-007
1239.696000,1.3780E-007
1239.974800,1.7270E-007
1240.253600,1.9650E-007
1240.532400,1.2790E-007
1240.811200,1.5020E-007
1241.090000,1.7300E-007
1241.368800,1.6230E-007
1241.647600,1.6650E-007
1241.926400,1.7070E-007
1242.205200,1.5190E-007
1242.484000,1.8080E-007
1242.762800,1.2940E-007
1243.041600,1.7470E-007
1243.320400,1.8110E-007
1243.599200,1.8750E-007
1243.878000,2.2980E-007
1244.156800,1.5630E-007
1244.435600,1.5650E-007
1244.714400,1.5900E-007
1244.993200,1.0730E-007
1245.272000,1.6590E-007
1245.550800,1.9560E-007
1245.829600,1.9220E-007
1246.108400,1.6000E-007
1246.387200,1.7500E-007
1246.666000,1.6000E-007
1246.944800,1.1370E-007
1247.223600,1.8110E-007
1247.502400,1.5650E-007
1247.781200,1.6310E-007
1248.060000,1.6850E-007
1248.338800,1.3380E-007
1248.617600,1.8480E-007
1248.896400,1.2960E-007
1249.175200,1.3740E-007
1249.454000,2.0620E-007
1249.732800,1.7850E-007
1250.011600,1.7020E-007
1250.290400,1.8220E-007
1250.569200,1.5070E-007
1250.848000,2.0160E-007
1251.126800,1.5050E-007
1251.405600,1.0030E-007
1251.684400,1.6590E-007
1251.963200,1.5910E-007
1252.242000,2.0210E-007
1252.520800,1.7350E-007
1252.799600,1.5180E-007
1253.078400,1.7460E-007
1253.357200,1.9420E-007
1253.636000,1.5740E-007
1253.914800,2.0440E-007
1254.193600,1.5480E-007
1254.472400,1.6460E-007
1254.751200,1.7620E-007
1255.030000,1.1880E-007
1255.308800,1.6790E-007
1255.587600,1.8710E-007
1255.866400,1.6590E-007
1256.145200,1.8740E-007
1256.424000,1.8340E-007
1256.702800,2.0720E-007
1256.981600,1.6470E-007
1257.260400,1.4910E-007
1257.539200,1.8690E-007
1257.818000,1.8360E-007
1258.096800,1.2510E-007
1258.375600,1.7020E-007
1258.654400,1.3980E-007
1258.933200,1.8110E-007
1259.212000,1.8670E-007
1259.490800,1.5290E-007
1259.769600,1.3530E-007
1260.048400,1.4300E-007
1260.327200,1.8550E-007
1260.606000,1.9010E-007
1260.884800,1.8320E-007
1261.163600,1.6960E-007
1261.442400,1.4200E-007
1261.721200,1.7740E-007
1262.000000,1.4220E-007
1262.278800,1.6060E-007
1262.557600,1.8240E-007
1262.836400,1.3460E-007
1263.115200,1.2810E-007
1263.394000,1.5260E-007
1263.672800,1.5660E-007
1263.951600,1.7690E-007
1264.230400,1.6770E-007
1264.509200,1.3170E-007
1264.788000,1.3020E-007
1265.066800,1.5740E-007
1265.345600,1.3210E-007
1265.624400,1.6820E-007
1265.903200,1.8800E-007
1266.182000,1.4590E-007
1266.460800,1.4620E-007
1266.739600,1.2910E-007
1267.018400,1.6100E-007
1267.297200,1.2400E-007
1267.576000,1.2840E-007
1267.854800,2.0300E-007
1268.133600,1.5340E-007
1268.412400,1.7420E-007
1268.691200,1.7590E-007
1268.970000,1.5110E-007
1269.248800,1.8000E-007
1269.527600,1.3350E-007
1269.806400,2.1030E-007
1270.085200,1.4910E-007
1270.364000,1.3040E-007
1270.642800,1.9160E-007
1270.921600,1.3460E-007
1271.200400,1.7330E-007
1271.479200,1.3400E-007
1271.758000,1.4870E-007
1272.036800,1.4830E-007
1272.315600,1.7360E-007
1272.594400,1.2920E-007
1272.873200,1.3590E-007
1273.152000,1.6370E-007
1273.430800,1.4450E-007
1273.709600,1.5990E-007
1273.988400,1.1700E-007
1274.267200,1.6540E-007
1274.546000,1.4780E-007
1274.824800,1.4440E-007
1275.103600,1.5500E-007
1275.382400,1.3110E-007
1275.661200,1.7340E-007
1275.940000,9.7940E-008
1276.218800,1.8130E-007
1276.497600,1.5990E-007
1276.776400,2.0870E-007
1277.055200,1.1560E-007
1277.334000,1.4270E-007
1277.612800,1.6340E-007
1277.891600,1.3720E-007
1278.170400,2.0530E-007
1278.449200,1.8960E-007
1278.728000,1.0180E-007
1279.006800,1.6250E-007
1279.285600,1.4370E-007
1279.564400,1.7100E-007
1279.843200,1.5890E-007
1280.122000,1.5340E-007
1280.400800,1.4850E-007
1280.679600,1.4590E-007
1280.958400,1.6370E-007
1281.237200,1.1390E-007
1281.516000,1.5210E-007
1281.794800,1.7030E-007
1282.073600,1.3970E-007
1282.352400,1.6500E-007
1282.631200,1.6250E-007
1282.910000,1.6110E-007
1283.188800,1.4790E-007
1283.467600,1.3060E-007
1283.746400,1.0040E-007
1284.025200,1.6680E-007
1284.304000,1.6360E-007
1284.582800,1.2530E-007
1284.861600,1.9100E-007
1285.140400,1.4280E-007
1285.419200,1.6700E-007
1285.698000,1.4470E-007
1285.976800,1.7150E-007
1286.255600,1.4170E-007
1286.534400,1.4880E-007
1286.813200,1.3210E-007
1287.092000,1.4490E-007
1287.370800,1.5910E-007
1287.649600,1.2120E-007
1287.928400,1.3080E-007
1288.207200,1.5690E-007
1288.486000,1.6490E-007
1288.764800,1.2550E-007
1289.043600,1.2050E-007
1289.322400,1.2650E-007
1289.601200,1.5490E-007
1289.880000,1.1930E-007
1290.158800,2.0060E-007
1290.437600,1.4590E-007
1290.716400,1.0490E-007
1290.995200,1.9210E-007
1291.274000,1.5610E-007
1291.552800,1.9300E-007
1291.831600,1.8000E-007
1292.110400,1.7030E-007
1292.389200,1.5920E-007
1292.668000,1.3020E-007
1292.946800,1.4750E-007
1293.225600,1.4050E-007
1293.504400,1.5120E-007
1293.783200,1.0840E-007
1294.062000,1.4750E-007
1294.340800,1.6560E-007
1294.619600,2.0310E-007
1294.898400,1.2380E-007
1295.177200,1.8140E-007
1295.456000,1.5930E-007
1295.734800,1.2990E-007
1296.013600,1.6930E-007
1296.292400,1.1840E-007
1296.571200,1.2320E-007
1296.850000,1.5220E-007
1297.128800,1.9690E-007
1297.407600,1.4210E-007
1297.686400,1.5200E-007
1297.965200,1.2600E-007
1298.244000,1.8100E-007
1298.522800,1.5600E-007
1298.801600,1.3070E-007
1299.080400,1.4440E-007
1299.359200,1.1620E-007
1299.638000,1.4160E-007
1299.916800,1.2880E-007
1300.195600,9.8700E-008
1300.474400,1.1830E-007
1300.753200,1.2280E-007
1301.032000,1.3780E-007
1301.310800,1.6540E-007
1301.589600,1.5240E-007
1301.868400,1.1940E-007
1302.147200,1.6540E-007
1302.426000,1.6100E-007
1302.704800,1.5570E-007
1302.983600,1.3630E-007
1303.262400,1.5960E-007
1303.541200,1.5090E-007
1303.820000,9.6610E-008
1304.098800,1.5860E-007
1304.377600,1.5060E-007
1304.656400,1.5550E-007
1304.935200,1.4790E-007
1305.214000,1.4470E-007
1305.492800,1.4510E-007
1305.771600,1.3020E-007
1306.050400,1.1400E-007
1306.329200,1.7080E-007
1306.608000,1.1360E-007
1306.886800,1.8310E-007
1307.165600,1.4800E-007
1307.444400,1.7230E-007
1307.723200,1.4400E-007
1308.002000,9.9740E-008
1308.280800,1.8010E-007
1308.559600,1.5320E-007
1308.838400,1.3340E-007
1309.117200,1.4050E-007
1309.396000,1.5400E-007
1309.674800,1.7200E-007
1309.953600,1.4040E-007
1310.232400,1.4580E-007
1310.511200,1.1080E-007
1310.790000,1.7650E-007
1311.068800,1.0110E-007
1311.347600,1.4930E-007
1311.626400,1.6860E-007
1311.905200,1.7880E-007
1312.184000,1.4200E-007
1312.462800,1.1660E-007
1312.741600,1.6240E-007
1313.020400,1.5840E-007
1313.299200,1.7500E-007
1313.578000,1.3950E-007
1313.856800,1.2340E-007
1314.135600,1.3640E-007
1314.414400,1.5160E-007
1314.693200,1.1780E-007
1314.972000,1.3510E-007
1315.250800,1.2850E-007
1315.529600,1.7210E-007
1315.808400,1.3290E-007
1316.087200,1.4950E-007
1316.366000,1.4850E-007
1316.644800,1.3710E-007
1316.923600,1.0180E-007
1317.202400,2.0180E-007
1317.481200,1.2200E-007
1317.760000,1.6350E-007
1318.038800,1.3670E-007
1318.317600,1.6310E-007
1318.596400,1.7480E-007
1318.875200,1.6500E-007
1319.154000,1.1740E-007
1319.432800,1.3810E-007
1319.711600,1.5170E-007
1319.990400,1.4790E-007
1320.269200,1.3380E-007
1320.548000,1.6330E-007
1320.826800,1.5560E-007
1321.105600,1.5880E-007
1321.384400,1.4510E-007
1321.663200,1.8620E-007
1321.942000,1.4180E-007
1322.220800,1.2650E-007
1322.499600,1.6240E-007
1322.778400,1.4260E-007
1323.057200,1.6270E-007
1323.336000,1.4710E-007
1323.614800,1.5080E-007
1323.893600,1.1420E-007
1324.172400,1.5950E-007
1324.451200,1.5440E-007
1324.730000,1.4220E-007
1325.008800,1.5800E-007
1325.287600,1.2110E-007
1325.566400,1.9620E-007
1325.845200,1.5750E-007
1326.124000,1.1900E-007
1326.402800,1.0890E-007
1326.681600,1.8020E-007
1326.960400,1.5990E-007
1327.239200,1.7360E-007
1327.518000,1.6990E-007
1327.796800,1.6400E-007
1328.075600,1.5780E-007
1328.354400,1.0760E-007
1328.633200,1.4970E-007
1328.912000,1.0820E-007
1329.190800,1.3890E-007
1329.469600,1.2890E-007
1329.748400,1.6450E-007
1330.027200,1.4870E-007
1330.306000,1.7660E-007
1330.584800,1.9130E-007
1330.863600,1.3670E-007
1331.142400,1.7510E-007
1331.421200,1.5710E-007
1331.700000,1.6110E-007
1331.978800,1.1290E-007
1332.257600,1.4750E-007
1332.536400,1.7870E-007
1332.815200,1.2890E-007
1333.094000,1.5110E-007
1333.372800,1.2890E-007
1333.651600,1.6400E-007
1333.930400,1.8240E-007
1334.209200,1.4960E-007
1334.488000,1.3370E-007
1334.766800,1.5710E-007
1335.045600,1.6640E-007
1335.324400,1.0510E-007
1335.603200,1.6830E-007
1335.882000,1.3900E-007
1336.160800,1.3020E-007
1336.439600,1.6960E-007
1336.718400,1.6010E-007
1336.997200,1.9420E-007
1337.276000,1.5740E-007
1337.554800,1.5690E-007
1337.833600,1.4540E-007
1338.112400,1.2480E-007
1338.391200,1.4440E-007
1338.670000,1.5520E-007
1338.948800,2.1750E-007
1339.227600,1.3090E-007
1339.506400,1.9700E-007
1339.785200,1.5100E-007
1340.064000,1.6300E-007
1340.342800,1.4390E-007
1340.621600,1.2760E-007
1340.900400,1.6760E-007
1341.179200,1.1800E-007
1341.458000,1.4670E-007
1341.736800,1.2770E-007
1342.015600,1.7350E-007
1342.294400,1.3850E-007
1342.573200,1.2620E-007
1342.852000,1.6940E-007
1343.130800,1.1480E-007
1343.409600,1.1880E-007
1343.688400,1.4750E-007
1343.967200,1.6720E-007
1344.246000,1.5110E-007
1344.524800,1.6670E-007
1344.803600,1.5220E-007
1345.082400,1.5750E-007
1345.361200,1.2900E-007
1345.640000,1.6690E-007
1345.918800,1.4540E-007
1346.197600,1.2830E-007
1346.476400,1.7610E-007
1346.755200,1.4450E-007
1347.034000,1.1580E-007
1347.312800,1.3090E-007
1347.591600,2.0690E-007
1347.870400,1.4470E-007
1348.149200,1.8470E-007
1348.428000,1.5260E-007
1348.706800,1.1960E-007
1348.985600,1.6600E-007
1349.264400,1.1820E-007
1349.543200,1.4380E-007
1349.822000,2.0240E-007
1350.100800,1.2760E-007
1350.379600,1.6550E-007
1350.658400,1.3820E-007
1350.937200,1.8320E-007
1351.216000,1.9470E-007
1351.494800,1.4500E-007
1351.773600,1.4850E-007
1352.052400,1.3100E-007
1352.331200,1.6720E-007
1352.610000,1.7140E-007
1352.888800,1.0950E-007
1353.167600,1.6410E-007
1353.446400,1.1860E-007
1353.725200,1.7760E-007
1354.004000,1.3530E-007
1354.282800,1.5610E-007
1354.561600,1.6680E-007
1354.840400,1.3410E-007
1355.119200,1.7360E-007
1355.398000,1.7340E-007
1355.676800,1.8970E-007
1355.955600,1.7130E-007
1356.234400,1.5670E-007
1356.513200,1.4430E-007
1356.792000,1.9890E-007
1357.070800,1.9460E-007
1357.349600,1.9040E-007
1357.628400,1.4230E-007
1357.907200,1.6030E-007
1358.186000,2.3440E-007
1358.464800,1.7280E-007
1358.743600,1.2210E-007
1359.022400,1.4230E-007
1359.301200,1.3480E-007
1359.580000,1.6700E-007
1359.858800,2.0170E-007
1360.137600,1.6150E-007
1360.416400,1.4780E-007
1360.695200,1.9350E-007
1360.974000,1.6970E-007
1361.252800,2.3980E-007
1361.531600,1.9550E-007
1361.810400,2.2660E-007
1362.089200,1.9350E-007
1362.368000,1.5210E-007
1362.646800,2.6030E-007
1362.925600,2.4350E-007
1363.204400,1.7260E-007
1363.483200,2.1930E-007
1363.762000,2.0570E-007
1364.040800,2.7000E-007
1364.319600,2.5560E-007
1364.598400,2.1100E-007
1364.877200,2.6650E-007
1365.156000,2.3480E-007
1365.434800,2.5240E-007
1365.713600,2.5970E-007
1365.992400,2.9770E-007
1366.271200,3.1830E-007
1366.550000,2.8000E-007
1366.828800,3.4300E-007
1367.107600,3.2010E-007
1367.386400,2.8660E-007
1367.665200,3.2340E-007
1367.944000,3.5250E-007
1368.222800,3.4580E-007
1368.501600,3.5800E-007
1368.780400,2.9840E-007
1369.059200,4.0030E-007
1369.338000,4.1680E-007
1369.616800,3.8850E-007
1369.895600,4.4070E-007
1370.174400,4.5780E-007
1370.453200,5.1420E-007
1370.732000,5.0070E-007
1371.010800,5.3390E-007
1371.289600,4.4600E-007
1371.568400,5.5870E-007
1371.847200,5.8870E-007
1372.126000,5.9480E-007
1372.404800,5.7050E-007
1372.683600,6.9520E-007
1372.962400,6.3420E-007
1373.241200,7.9480E-007
1373.520000,6.9180E-007
1373.798800,7.4430E-007
1374.077600,7.1560E-007
1374.356400,8.2390E-007
1374.635200,8.0260E-007
1374.914000,9.4300E-007
1375.192800,9.4450E-007
1375.471600,9.6530E-007
1375.750400,9.6250E-007
1376.029200,9.8100E-007
1376.308000,1.0060E-006
1376.586800,1.1330E-006
1376.865600,1.1660E-006
1377.144400,1.0810E-006
1377.423200,1.2100E-006
1377.702000,1.3070E-006
1377.980800,1.3700E-006
1378.259600,1.3540E-006
1378.538400,1.4860E-006
1378.817200,1.2650E-006
1379.096000,1.4990E-006
1379.374800,1.6110E-006
1379.653600,1.6310E-006
1379.932400,1.5800E-006
1380.211200,1.7970E-006
1380.490000,1.5200E-006
1380.768800,1.4780E-006
1381.047600,1.8230E-006
1381.326400,2.0380E-006
1381.605200,2.1310E-006
1381.884000,2.1170E-006
1382.162800,2.3190E-006
1382.441600,1.8040E-006
1382.720400,1.8560E-006
1382.999200,2.2090E-006
1383.278000,2.5900E-006
1383.556800,2.6260E-006
1383.835600,2.5640E-006
1384.114400,2.7950E-006
1384.393200,3.0980E-006
1384.672000,3.0140E-006
1384.950800,2.8730E-006
1385.229600,2.8890E-006
1385.508400,3.2670E-006
1385.787200,3.2320E-006
1386.066000,3.4940E-006
1386.344800,3.5520E-006
1386.623600,3.9050E-006
1386.902400,4.1350E-006
1387.181200,3.9870E-006
1387.460000,4.3400E-006
1387.738800,4.1320E-006
1388.017600,3.7400E-006
1388.296400,4.0870E-006
1388.575200,4.8730E-006
1388.854000,4.7650E-006
1389.132800,5.0940E-006
1389.411600,5.0850E-006
1389.690400,4.9740E-006
1389.969200,5.2720E-006
1390.248000,5.5640E-006
1390.526800,5.7510E-006
1390.805600,5.8100E-006
1391.084400,5.7420E-006
1391.363200,6.1820E-006
1391.642000,5.8830E-006
1391.920800,6.0220E-006
1392.199600,5.6950E-006
1392.478400,5.5710E-006
1392.757200,6.5170E-006
1393.036000,7.1530E-006
1393.314800,7.3050E-006
1393.593600,7.3050E-006
1393.872400,7.5630E-006
1394.151200,7.3230E-006
1394.430000,7.9350E-006
1394.708800,7.0110E-006
1394.987600,6.8970E-006
1395.266400,7.4010E-006
1395.545200,7.2840E-006
1395.824000,8.2940E-006
1396.102800,8.3140E-006
1396.381600,7.4090E-006
1396.660400,7.9170E-006
1396.939200,8.8480E-006
1397.218000,9.0800E-006
1397.496800,9.8460E-006
1397.775600,9.4940E-006
1398.054400,1.0200E-005
1398.333200,9.6610E-006
1398.612000,9.6570E-006
1398.890800,1.0240E-005
1399.169600,1.0650E-005
1399.448400,9.4560E-006
1399.727200,9.5270E-006
1400.006000,1.0080E-005
1400.284800,9.9310E-006
1400.563600,8.9000E-006
1400.842400,1.0120E-005
1401.121200,1.1030E-005
1401.400000,1.0350E-005
1401.678800,1.1070E-005
1401.957600,1.1430E-005
1402.236400,1.2160E-005
1402.515200,1.2100E-005
1402.794000,1.2010E-005
1403.072800,1.2760E-005
1403.351600,1.2740E-005
1403.630400,1.2510E-005
1403.909200,1.2550E-005
1404.188000,1.1970E-005
1404.466800,1.2870E-005
1404.745600,1.0720E-005
1405.024400,1.0150E-005
1405.303200,1.2870E-005
1405.582000,1.3470E-005
1405.860800,1.3350E-005
1406.139600,1.3480E-005
1406.418400,1.3370E-005
1406.697200,1.3260E-005
1406.976000,1.2770E-005
1407.254800,1.2330E-005
1407.533600,1.3250E-005
1407.812400,1.4390E-005
1408.091200,1.3950E-005
1408.370000,1.4020E-005
1408.648800,1.4370E-005
1408.927600,1.3690E-005
1409.206400,1.2350E-005
1409.485200,1.2800E-005
1409.764000,1.3280E-005
1410.042800,1.3400E-005
1410.321600,1.4540E-005
1410.600400,1.4400E-005
1410.879200,1.4980E-005
1411.158000,1.4410E-005
1411.436800,1.4700E-005
1411.715600,1.4750E-005
1411.994400,1.4940E-005
1412.273200,1.4350E-005
1412.552000,1.5210E-005
1412.830800,1.5180E-005
1413.109600,1.5210E-005
1413.388400,1.5060E-005
1413.667200,1.5120E-005
1413.946000,1.4250E-005
1414.224800,1.3790E-005
1414.503600,1.4750E-005
1414.782400,1.5000E-005
1415.061200,1.5690E-005
1415.340000,1.5330E-005
1415.618800,1.5800E-005
1415.897600,1.5730E-005
1416.176400,1.6190E-005
1416.455200,1.5510E-005
1416.734000,1.5650E-005
1417.012800,1.5780E-005
1417.291600,1.5850E-005
1417.570400,1.5450E-005
1417.849200,1.6460E-005
1418.128000,1.6180E-005
1418.406800,1.6830E-005
1418.685600,1.5880E-005
1418.964400,1.6270E-005
1419.243200,1.6080E-005
1419.522000,1.6310E-005
1419.800800,1.6870E-005
1420.079600,1.7150E-005
1420.358400,1.7180E-005
1420.637200,1.7610E-005
1420.916000,1.7830E-005
1421.194800,1.7620E-005
1421.473600,1.7690E-005
1421.752400,1.8080E-005
1422.031200,1.7970E-005
1422.310000,1.8250E-005
1422.588800,1.8410E-005
1422.867600,1.8270E-005
1423.146400,1.8200E-005
1423.425200,1.8620E-005
1423.704000,1.7540E-005
1423.982800,1.7440E-005
1424.261600,1.8550E-005
1424.540400,1.9120E-005
1424.819200,1.9140E-005
1425.098000,1.9230E-005
1425.376800,1.8800E-005
1425.655600,1.9070E-005
1425.934400,1.9570E-005
1426.213200,1.9760E-005
1426.492000,1.9790E-005
1426.770800,1.9450E-005
1427.049600,1.9530E-005
1427.328400,1.9910E-005
1427.607200,2.0140E-005
1427.886000,2.0080E-005
1428.164800,2.0760E-005
1428.443600,1.9920E-005
1428.722400,2.0400E-005
1429.001200,2.0330E-005
1429.280000,2.0900E-005
1429.558800,2.1230E-005
1429.837600,2.0870E-005
1430.116400,2.1080E-005
1430.395200,2.1580E-005
1430.674000,2.1860E-005
1430.952800,2.2160E-005
1431.231600,2.1510E-005
1431.510400,2.1680E-005
1431.789200,2.2160E-005
1432.068000,2.2440E-005
1432.346800,2.2760E-005
1432.625600,2.2990E-005
1432.904400,2.3300E-005
1433.183200,2.3400E-005
1433.462000,2.3960E-005
1433.740800,2.3770E-005
1434.019600,2.3980E-005
1434.298400,2.3700E-005
1434.577200,2.4100E-005
1434.856000,2.4880E-005
1435.134800,2.5540E-005
1435.413600,2.4960E-005
1435.692400,2.5200E-005
1435.971200,2.4730E-005
1436.250000,2.5090E-005
1436.528800,2.5300E-005
1436.807600,2.5430E-005
1437.086400,2.5530E-005
1437.365200,2.5530E-005
1437.644000,2.4670E-005
1437.922800,2.5760E-005
1438.201600,2.5530E-005
1438.480400,2.5760E-005
1438.759200,2.5720E-005
1439.038000,2.6500E-005
1439.316800,2.6090E-005
1439.595600,2.6210E-005
1439.874400,2.6000E-005
1440.153200,2.6980E-005
1440.432000,2.7500E-005
1440.710800,2.7630E-005
1440.989600,2.7870E-005
1441.268400,2.5280E-005
1441.547200,2.4820E-005
1441.826000,2.5820E-005
1442.104800,2.6070E-005
1442.383600,2.8080E-005
1442.662400,2.5620E-005
1442.941200,2.6190E-005
1443.220000,2.8010E-005
1443.498800,2.8130E-005
1443.777600,2.8110E-005
1444.056400,2.8870E-005
1444.335200,2.7590E-005
1444.614000,2.8440E-005
1444.892800,3.1670E-005
1445.171600,2.9650E-005
1445.450400,2.9430E-005
1445.729200,2.8730E-005
1446.008000,3.1240E-005
1446.286800,3.1260E-005
1446.565600,3.1600E-005
1446.844400,3.0370E-005
1447.123200,3.0720E-005
1447.402000,3.2640E-005
1447.680800,3.1660E-005
1447.959600,3.3700E-005
1448.238400,3.2310E-005
1448.517200,3.4240E-005
1448.796000,3.3240E-005
1449.074800,3.5130E-005
1449.353600,3.4410E-005
1449.632400,3.4740E-005
1449.911200,3.3280E-005
1450.190000,3.3850E-005
1450.468800,3.3250E-005
1450.747600,3.5280E-005
1451.026400,3.5800E-005
1451.305200,3.7130E-005
1451.584000,3.5450E-005
1451.862800,3.6810E-005
1452.141600,3.6200E-005
1452.420400,3.8860E-005
1452.699200,3.8470E-005
1452.978000,3.8820E-005
1453.256800,4.1300E-005
1453.535600,3.7990E-005
1453.814400,3.9030E-005
1454.093200,3.8160E-005
1454.372000,4.1240E-005
1454.650800,4.0420E-005
1454.929600,4.2380E-005
1455.208400,4.0670E-005
1455.487200,4.0930E-005
1455.766000,4.5790E-005
1456.044800,4.3380E-005
1456.323600,4.6230E-005
1456.602400,4.7140E-005
1456.881200,4.6870E-005
1457.160000,4.6040E-005
1457.438800,4.6060E-005
1457.717600,4.7120E-005
1457.996400,4.7080E-005
1458.275200,5.1060E-005
1458.554000,5.0110E-005
1458.832800,5.3530E-005
1459.111600,5.2570E-005
1459.390400,5.3790E-005
1459.669200,5.4980E-005
1459.948000,5.5400E-005
1460.226800,5.5180E-005
1460.505600,5.6850E-005
1460.784400,5.6610E-005
1461.063200,5.7060E-005
1461.342000,5.6190E-005
1461.620800,5.7910E-005
1461.899600,5.9380E-005
1462.178400,6.0210E-005
1462.457200,6.0240E-005
1462.736000,6.0510E-005
1463.014800,6.2200E-005
1463.293600,6.3230E-005
1463.572400,6.0650E-005
1463.851200,6.3480E-005
1464.130000,6.5040E-005
1464.408800,6.3630E-005
1464.687600,6.5740E-005
1464.966400,6.9170E-005
1465.245200,6.9770E-005
1465.524000,6.9030E-005
1465.802800,7.6060E-005
1466.081600,7.6740E-005
1466.360400,7.2080E-005
1466.639200,7.5520E-005
1466.918000,7.7780E-005
1467.196800,7.9380E-005
1467.475600,8.7620E-005
1467.754400,8.2080E-005
1468.033200,8.6210E-005
1468.312000,9.3490E-005
1468.590800,9.2510E-005
1468.869600,9.3290E-005
1469.148400,9.9700E-005
1469.427200,1.0010E-004
1469.706000,1.0070E-004
1469.984800,1.0730E-004
1470.263600,1.0610E-004
1470.542400,1.0160E-004
1470.821200,1.0410E-004
1471.100000,1.0930E-004
1471.378800,1.1140E-004
1471.657600,1.1300E-004
1471.936400,1.1740E-004
1472.215200,1.1600E-004
1472.494000,1.2090E-004
1472.772800,1.2310E-004
1473.051600,1.2300E-004
1473.330400,1.2950E-004
1473.609200,1.3150E-004
1473.888000,1.3440E-004
1474.166800,1.3640E-004
1474.445600,1.4620E-004
1474.724400,1.4450E-004
1475.003200,1.5000E-004
1475.282000,1.5130E-004
1475.560800,1.5420E-004
1475.839600,1.5620E-004
1476.118400,1.5760E-004
1476.397200,1.6730E-004
1476.676000,1.6620E-004
1476.954800,1.6970E-004
1477.233600,1.7210E-004
1477.512400,1.7290E-004
1477.791200,1.7170E-004
1478.070000,1.7450E-004
1478.348800,1.8340E-004
1478.627600,1.8550E-004
1478.906400,1.8890E-004
1479.185200,1.9150E-004
1479.464000,1.9450E-004
1479.742800,1.9660E-004
1480.021600,2.0060E-004
1480.300400,2.0470E-004
1480.579200,2.0690E-004
1480.858000,2.1150E-004
1481.136800,2.2150E-004
1481.415600,2.2470E-004
1481.694400,2.0010E-004
1481.973200,2.0730E-004
1482.252000,2.4080E-004
1482.530800,2.2180E-004
1482.809600,2.3850E-004
1483.088400,2.2950E-004
1483.367200,2.6620E-004
1483.646000,2.6230E-004
1483.924800,2.6400E-004
1484.203600,2.8420E-004
1484.482400,2.9770E-004
1484.761200,2.8780E-004
1485.040000,3.0240E-004
1485.318800,2.8350E-004
1485.597600,2.9390E-004
1485.876400,3.1430E-004
1486.155200,3.1560E-004
1486.434000,3.2660E-004
1486.712800,3.0690E-004
1486.991600,3.3340E-004
1487.270400,3.1790E-004
1487.549200,3.3040E-004
1487.828000,3.4160E-004
1488.106800,3.5090E-004
1488.385600,3.5600E-004
1488.664400,3.6140E-004
1488.943200,3.7180E-004
1489.222000,3.8750E-004
1489.500800,3.8640E-004
1489.779600,3.9120E-004
1490.058400,4.1860E-004
1490.337200,4.4570E-004
1490.616000,4.2650E-004
1490.894800,4.3390E-004
1491.173600,4.5990E-004
1491.452400,4.7070E-004
1491.731200,5.0530E-004
1492.010000,4.7610E-004
1492.288800,5.0840E-004
1492.567600,5.1110E-004
1492.846400,4.9190E-004
1493.125200,5.3990E-004
1493.404000,5.3290E-004
1493.682800,5.2660E-004
1493.961600,4.8200E-004
1494.240400,5.2770E-004
1494.519200,5.1240E-004
1494.798000,5.1230E-004
1495.076800,5.4560E-004
1495.355600,5.0880E-004
1495.634400,5.4470E-004
1495.913200,5.4940E-004
1496.192000,5.5860E-004
1496.470800,5.7310E-004
1496.749600,5.4490E-004
1497.028400,5.9270E-004
1497.307200,6.2030E-004
1497.586000,6.2190E-004
1497.864800,6.3940E-004
1498.143600,6.2850E-004
1498.422400,6.8300E-004
1498.701200,6.9720E-004
1498.980000,7.0980E-004
1499.258800,7.2810E-004
1499.537600,7.7430E-004
1499.816400,7.5120E-004
1500.095200,8.2050E-004
1500.374000,8.4730E-004
1500.652800,8.5210E-004
1500.931600,8.2690E-004
1501.210400,8.0540E-004
1501.489200,8.5940E-004
1501.768000,8.7120E-004
1502.046800,8.5400E-004
1502.325600,8.6740E-004
1502.604400,8.2010E-004
1502.883200,8.4190E-004
1503.162000,8.4530E-004
1503.440800,8.2910E-004
1503.719600,8.6590E-004
1503.998400,7.9710E-004
1504.277200,8.8050E-004
1504.556000,8.5380E-004
1504.834800,8.1790E-004
1505.113600,8.9670E-004
1505.392400,8.5270E-004
1505.671200,9.1300E-004
1505.950000,9.4150E-004
1506.228800,8.9270E-004
1506.507600,1.0000E-003
1506.786400,9.8370E-004
1507.065200,1.0100E-003
1507.344000,1.0900E-003
1507.622800,1.0740E-003
1507.901600,1.1160E-003
1508.180400,1.1180E-003
1508.459200,1.1160E-003
1508.738000,1.2580E-003
1509.016800,1.2190E-003
1509.295600,1.2430E-003
1509.574400,1.2040E-003
1509.853200,1.1520E-003
1510.132000,1.2440E-003
1510.410800,1.2460E-003
1510.689600,1.2140E-003
1510.968400,1.2120E-003
1511.247200,1.1740E-003
1511.526000,1.2050E-003
1511.804800,1.1750E-003
1512.083600,1.1800E-003
1512.362400,1.2020E-003
1512.641200,1.2130E-003
1512.920000,1.2420E-003
1513.198800,1.3360E-003
1513.477600,1.3210E-003
1513.756400,1.3550E-003
1514.035200,1.4550E-003
1514.314000,1.4330E-003
1514.592800,1.5340E-003
1514.871600,1.5120E-003
1515.150400,1.5640E-003
1515.429200,1.7200E-003
1515.708000,1.6900E-003
1515.986800,1.6950E-003
1516.265600,1.7170E-003
1516.544400,1.6950E-003
1516.823200,1.7520E-003
1517.102000,1.7150E-003
1517.380800,1.6640E-003
1517.659600,1.6230E-003
1517.938400,1.5760E-003
1518.217200,1.5620E-003
1518.496000,1.4820E-003
1518.774800,1.5130E-003
1519.053600,1.4160E-003
1519.332400,1.3360E-003
1519.611200,1.4400E-003
1519.890000,1.3370E-003
1520.168800,1.5120E-003
1520.447600,1.5550E-003
1520.726400,1.6110E-003
1521.005200,1.6840E-003
1521.284000,1.6160E-003
1521.562800,1.8320E-003
1521.841600,1.9930E-003
1522.120400,2.1570E-003
1522.399200,2.1750E-003
1522.678000,2.0620E-003
1522.956800,2.1740E-003
1523.235600,2.3530E-003
1523.514400,2.2630E-003
1523.793200,2.2370E-003
1524.072000,2.2700E-003
1524.350800,2.1790E-003
1524.629600,2.1860E-003
1524.908400,2.1290E-003
1525.187200,2.1790E-003
1525.466000,2.1130E-003
1525.744800,2.0520E-003
1526.023600,2.1420E-003
1526.302400,2.1430E-003
1526.581200,2.0870E-003
1526.860000,2.2550E-003
1527.138800,2.2590E-003
1527.417600,2.2850E-003
1527.696400,2.5630E-003
1527.975200,2.6680E-003
1528.254000,2.6180E-003
1528.532800,2.9170E-003
1528.811600,2.8860E-003
1529.090400,2.8650E-003
1529.369200,3.2390E-003
1529.648000,3.0590E-003
1529.926800,3.2020E-003
1530.205600,3.0390E-003
1530.484400,2.7990E-003
1530.763200,2.7940E-003
1531.042000,2.4070E-003
1531.320800,2.5990E-003
1531.599600,2.1580E-003
1531.878400,2.0520E-003
1532.157200,2.0680E-003
1532.436000,2.0170E-003
1532.714800,1.8990E-003
1532.993600,2.1530E-003
1533.272400,2.1820E-003
1533.551200,2.5990E-003
1533.830000,2.7980E-003
1534.108800,3.1230E-003
1534.387600,3.1200E-003
1534.666400,2.9080E-003
1534.945200,3.2750E-003
1535.224000,3.3420E-003
1535.502800,3.0470E-003
1535.781600,3.5590E-003
1536.060400,3.4550E-003
1536.339200,3.5280E-003
1536.618000,4.2420E-003
1536.896800,3.8150E-003
1537.175600,3.9100E-003
1537.454400,4.2600E-003
1537.733200,3.8480E-003
1538.012000,3.9300E-003
1538.290800,3.9350E-003
1538.569600,3.6160E-003
1538.848400,3.7360E-003
1539.127200,3.2180E-003
1539.406000,3.2130E-003
1539.684800,4.6710E-003
1539.963600,3.2830E-003
1540.242400,2.6520E-003
1540.521200,3.4430E-003
1540.800000,3.1380E-003
1541.078800,2.9070E-003
1541.357600,2.7210E-003
1541.636400,3.1370E-003
1541.915200,4.3450E-003
1542.194000,4.8010E-003
1542.472800,4.9620E-003
1542.751600,5.5640E-003
1543.030400,6.4090E-003
1543.309200,1.3770E-002
1543.588000,1.6580E-002
1543.866800,1.0070E-002
1544.145600,6.7990E-003
1544.424400,6.1960E-003
1544.703200,5.0720E-003
1544.982000,5.9980E-003
1545.260800,4.8340E-003
1545.539600,4.2320E-003
1545.818400,4.3240E-003
1546.097200,3.8110E-003
1546.376000,3.6020E-003
1546.654800,4.7090E-003
1546.933600,4.2260E-003
1547.212400,5.3060E-003
1547.491200,5.5130E-003
1547.770000,4.5010E-003
1548.048800,4.7700E-003
1548.327600,5.4300E-003
1548.606400,6.2130E-003
1548.885200,7.4880E-003
1549.164000,7.4200E-003
1549.442800,6.2930E-003
1549.721600,6.2450E-003
1550.000400,6.7460E-003
1550.279200,8.8100E-003
1550.558000,9.5100E-003
1550.836800,8.4600E-003
1551.115600,8.4940E-003
1551.394400,7.8920E-003
1551.673200,7.8070E-003
1551.952000,1.0330E-002
1552.230800,1.0240E-002
1552.509600,1.0330E-002
1552.788400,1.2700E-002
1553.067200,8.7250E-003
1553.346000,8.4540E-003
1553.624800,7.8000E-003
1553.903600,7.8290E-003
1554.182400,8.9140E-003
1554.461200,6.6780E-003
1554.740000,7.6520E-003
1555.018800,5.9790E-003
1555.297600,4.5470E-003
1555.576400,4.8250E-003
1555.855200,5.1970E-003
1556.134000,6.7620E-003
1556.412800,7.7390E-003
1556.691600,8.5260E-003
1556.970400,7.0160E-003
1557.249200,6.0580E-003
1557.528000,5.0910E-003
1557.806800,5.4430E-003
1558.085600,6.1440E-003
1558.364400,6.0170E-003
1558.643200,8.1400E-003
1558.922000,9.0780E-003
1559.200800,5.9330E-003
1559.479600,5.3440E-003
1559.758400,4.3720E-003
1560.037200,3.8720E-003
1560.316000,5.2890E-003
1560.594800,5.5950E-003
1560.873600,6.1240E-003
1561.152400,8.3510E-003
1561.431200,6.2510E-003
1561.710000,4.9760E-003
1561.988800,4.3570E-003
1562.267600,4.4480E-003
1562.546400,6.3780E-003
1562.825200,7.0190E-003
1563.104000,5.7400E-003
1563.382800,6.9300E-003
1563.661600,6.0480E-003
1563.940400,4.4110E-003
1564.219200,4.8220E-003
1564.498000,4.3210E-003
1564.776800,4.0350E-003
1565.055600,4.1300E-003
1565.334400,4.2530E-003
1565.613200,4.1750E-003
1565.892000,4.3730E-003
1566.170800,4.1320E-003
1566.449600,3.7120E-003
1566.728400,3.3560E-003
1567.007200,3.4460E-003
1567.286000,3.7100E-003
1567.564800,4.1730E-003
1567.843600,5.1260E-003
1568.122400,4.8580E-003
1568.401200,3.4770E-003
1568.680000,3.1960E-003
1568.958800,3.2400E-003
1569.237600,3.3330E-003
1569.516400,4.2450E-003
1569.795200,4.5530E-003
1570.074000,3.6170E-003
1570.352800,3.6010E-003
1570.631600,3.3840E-003
1570.910400,3.3820E-003
1571.189200,4.2680E-003
1571.468000,4.5470E-003
1571.746800,5.0810E-003
1572.025600,4.5790E-003
1572.304400,3.7980E-003
1572.583200,3.9900E-003
1572.862000,3.7150E-003
1573.140800,3.6240E-003
1573.419600,3.0250E-003
1573.698400,3.4040E-003
1573.977200,2.8950E-003
1574.256000,3.2860E-003
1574.534800,3.7990E-003
1574.813600,3.2070E-003
1575.092400,3.6530E-003
1575.371200,4.2230E-003
1575.650000,3.8640E-003
1575.928800,4.6990E-003
1576.207600,4.0160E-003
1576.486400,4.0780E-003
1576.765200,4.3380E-003
1577.044000,4.0810E-003
1577.322800,4.1090E-003
1577.601600,4.5180E-003
1577.880400,4.1860E-003
1578.159200,4.4990E-003
1578.438000,4.6660E-003
1578.716800,4.3160E-003
1578.995600,4.3260E-003
1579.274400,4.0840E-003
1579.553200,3.8330E-003
1579.832000,3.8760E-003
1580.110800,3.3600E-003
1580.389600,3.6280E-003
1580.668400,3.1550E-003
1580.947200,3.0240E-003
1581.226000,3.2340E-003
1581.504800,2.8460E-003
1581.783600,2.6290E-003
1582.062400,2.6850E-003
1582.341200,2.5860E-003
1582.620000,2.3850E-003
1582.898800,2.5150E-003
1583.177600,2.4060E-003
1583.456400,2.3250E-003
1583.735200,2.2810E-003
1584.014000,2.4430E-003
1584.292800,2.0850E-003
1584.571600,2.4170E-003
1584.850400,2.1700E-003
1585.129200,2.3380E-003
1585.408000,2.4340E-003
1585.686800,2.2580E-003
1585.965600,2.4660E-003
1586.244400,2.5720E-003
1586.523200,2.1340E-003
1586.802000,2.5830E-003
1587.080800,2.5700E-003
1587.359600,2.6010E-003
1587.638400,2.9040E-003
1587.917200,2.9880E-003
1588.196000,2.9940E-003
1588.474800,3.1170E-003
1588.753600,3.0890E-003
1589.032400,3.1660E-003
1589.311200,3.1940E-003
1589.590000,2.9970E-003
1589.868800,2.9160E-003
1590.147600,3.1690E-003
1590.426400,3.0150E-003
1590.705200,2.8270E-003
1590.984000,3.2220E-003
1591.262800,2.9780E-003
1591.541600,2.9750E-003
1591.820400,3.1130E-003
1592.099200,2.8290E-003
1592.378000,2.7780E-003
1592.656800,2.8120E-003
1592.935600,2.6870E-003
1593.214400,2.7460E-003
1593.493200,2.8200E-003
1593.772000,2.5590E-003
1594.050800,2.4760E-003
1594.329600,2.6880E-003
1594.608400,2.3980E-003
1594.887200,2.4870E-003
1595.166000,2.4790E-003
1595.444800,2.4450E-003
1595.723600,2.0880E-003
1596.002400,2.4280E-003
1596.281200,2.2440E-003
1596.560000,2.2980E-003
1596.838800,2.3630E-003
1597.117600,2.3620E-003
1597.396400,2.4170E-003
1597.675200,2.6060E-003
1597.954000,2.5180E-003
1598.232800,2.7350E-003
1598.511600,2.7290E-003
1598.790400,2.6830E-003
1599.069200,2.8710E-003
1599.348000,2.8030E-003
1599.626800,2.8370E-003
1599.905600,3.0440E-003
1600.184400,2.7120E-003
1600.463200,2.9030E-003
1600.742000,3.0190E-003
1601.020800,2.7120E-003
1601.299600,2.7880E-003
1601.578400,3.0050E-003
1601.857200,2.6710E-003
1602.136000,2.8840E-003
1602.414800,3.0970E-003
1602.693600,2.6270E-003
1602.972400,2.9300E-003
1603.251200,2.7230E-003
1603.530000,2.4740E-003
1603.808800,2.8860E-003
1604.087600,2.6690E-003
1604.366400,2.4080E-003
1604.645200,2.6830E-003
1604.924000,2.5570E-003
1605.202800,2.2230E-003
1605.481600,2.5220E-003
1605.760400,2.3700E-003
1606.039200,2.1810E-003
1606.318000,2.3330E-003
1606.596800,2.4470E-003
1606.875600,2.0430E-003
1607.154400,2.2730E-003
1607.433200,2.1790E-003
1607.712000,2.0050E-003
1607.990800,2.2590E-003
1608.269600,2.3920E-003
1608.548400,1.9520E-003
1608.827200,2.3050E-003
1609.106000,2.1980E-003
1609.384800,1.9420E-003
1609.663600,2.0970E-003
1609.942400,2.0490E-003
1610.221200,2.1590E-003
1610.500000,2.2760E-003
1610.778800,2.0670E-003
1611.057600,1.9520E-003
1611.336400,2.2490E-003
1611.615200,2.0600E-003
1611.894000,2.1840E-003
1612.172800,2.2280E-003
1612.451600,2.1390E-003
1612.730400,2.2100E-003
1613.009200,2.3210E-003
1613.288000,2.2820E-003
1613.566800,2.1830E-003
1613.845600,2.3130E-003
1614.124400,2.0780E-003
1614.403200,2.0260E-003
1614.682000,2.3040E-003
1614.960800,2.1560E-003
1615.239600,1.9800E-003
1615.518400,2.2550E-003
1615.797200,2.0110E-003
1616.076000,2.0850E-003
1616.354800,2.1640E-003
1616.633600,2.1370E-003
1616.912400,1.7820E-003
1617.191200,2.0960E-003
1617.470000,1.9920E-003
1617.748800,1.7870E-003
1618.027600,2.0230E-003
1618.306400,1.8590E-003
1618.585200,1.8740E-003
1618.864000,1.9900E-003
1619.142800,1.8370E-003
1619.421600,1.8730E-003
1619.700400,1.9400E-003
1619.979200,1.6730E-003
1620.258000,1.7780E-003
1620.536800,1.9230E-003
1620.815600,1.8480E-003
1621.094400,1.7040E-003
1621.373200,1.8270E-003
1621.652000,1.7100E-003
1621.930800,1.7010E-003
1622.209600,1.8000E-003
1622.488400,1.6480E-003
1622.767200,1.7500E-003
1623.046000,1.8610E-003
1623.324800,1.6680E-003
1623.603600,1.5650E-003
1623.882400,1.7900E-003
1624.161200,1.6590E-003
1624.440000,1.6320E-003
1624.718800,1.7000E-003
1624.997600,1.6090E-003
1625.276400,1.5530E-003
1625.555200,1.7540E-003
1625.834000,1.5310E-003
1626.112800,1.5800E-003
1626.391600,1.7120E-003
1626.670400,1.4950E-003
1626.949200,1.5540E-003
1627.228000,1.5320E-003
1627.506800,1.5590E-003
1627.785600,1.5000E-003
1628.064400,1.4630E-003
1628.343200,1.3750E-003
1628.622000,1.4620E-003
1628.900800,1.5110E-003
1629.179600,1.4040E-003
1629.458400,1.4010E-003
1629.737200,1.4840E-003
1630.016000,1.3360E-003
1630.294800,1.3290E-003
1630.573600,1.4160E-003
1630.852400,1.4070E-003
1631.131200,1.3720E-003
1631.410000,1.3670E-003
1631.688800,1.2890E-003
1631.967600,1.2150E-003
1632.246400,1.2560E-003
1632.525200,1.2790E-003
1632.804000,1.2170E-003
1633.082800,1.3020E-003
1633.361600,1.1790E-003
1633.640400,1.2640E-003
1633.919200,1.1870E-003
1634.198000,1.2830E-003
1634.476800,1.2300E-003
1634.755600,1.2330E-003
1635.034400,1.2100E-003
1635.313200,1.1550E-003
1635.592000,1.1570E-003
1635.870800,1.1630E-003
1636.149600,1.1080E-003
1636.428400,1.1490E-003
1636.707200,1.0750E-003
1636.986000,1.1400E-003
1637.264800,1.1020E-003
1637.543600,1.1130E-003
1637.822400,1.0560E-003
1638.101200,1.1380E-003
1638.380000,9.9950E-004
1638.658800,1.0040E-003
1638.937600,1.0280E-003
1639.216400,1.0510E-003
1639.495200,9.9980E-004
1639.774000,9.6080E-004
1640.052800,9.6170E-004
1640.331600,9.6980E-004
1640.610400,1.0110E-003
1640.889200,9.6780E-004
1641.168000,9.7770E-004
1641.446800,9.3360E-004
1641.725600,9.4170E-004
1642.004400,8.8160E-004
1642.283200,9.7000E-004
1642.562000,9.0210E-004
1642.840800,8.7030E-004
1643.119600,8.8550E-004
1643.398400,8.7910E-004
1643.677200,8.4120E-004
1643.956000,8.5220E-004
1644.234800,8.7650E-004
1644.513600,8.5140E-004
1644.792400,8.2800E-004
1645.071200,8.4170E-004
1645.350000,8.2440E-004
1645.628800,7.8740E-004
1645.907600,7.8660E-004
1646.186400,7.8040E-004
1646.465200,7.7860E-004
1646.744000,7.8110E-004
1647.022800,7.3600E-004
1647.301600,7.2850E-004
1647.580400,8.1020E-004
1647.859200,7.5130E-004
1648.138000,7.4010E-004
1648.416800,7.0640E-004
1648.695600,7.1050E-004
1648.974400,7.0090E-004
1649.253200,6.9520E-004
1649.532000,7.2660E-004
1649.810800,6.7550E-004
1650.089600,7.0530E-004
1650.368400,6.9100E-004
1650.647200,6.4530E-004
1650.926000,6.6960E-004
1651.204800,6.6450E-004
1651.483600,6.5950E-004
1651.762400,6.2900E-004
1652.041200,6.3570E-004
1652.320000,6.1510E-004
1652.598800,6.3510E-004
1652.877600,6.1890E-004
1653.156400,6.1180E-004
1653.435200,5.9420E-004
1653.714000,5.7470E-004
1653.992800,6.0400E-004
1654.271600,5.6310E-004
1654.550400,5.6840E-004
1654.829200,5.3420E-004
1655.108000,5.5470E-004
1655.386800,5.4890E-004
1655.665600,5.4260E-004
1655.944400,5.3700E-004
1656.223200,5.3050E-004
1656.502000,5.0540E-004
1656.780800,5.0540E-004
1657.059600,4.8410E-004
1657.338400,4.8590E-004
1657.617200,4.7720E-004
1657.896000,4.8520E-004
1658.174800,4.8010E-004
1658.453600,4.7230E-004
1658.732400,4.5790E-004
1659.011200,4.7130E-004
1659.290000,4.5660E-004
1659.568800,4.5240E-004
1659.847600,4.3960E-004
1660.126400,4.1520E-004
1660.405200,4.3560E-004
1660.684000,4.2430E-004
1660.962800,4.1980E-004
1661.241600,4.1510E-004
1661.520400,3.9300E-004
1661.799200,4.0630E-004
1662.078000,4.0010E-004
1662.356800,3.8810E-004
1662.635600,3.8670E-004
1662.914400,3.7970E-004
1663.193200,3.6050E-004
1663.472000,3.7360E-004
1663.750800,3.7350E-004
1664.029600,3.6070E-004
1664.308400,3.4990E-004
1664.587200,3.4590E-004
1664.866000,3.4190E-004
1665.144800,3.3610E-004
1665.423600,3.2110E-004
1665.702400,3.2470E-004
1665.981200,3.1620E-004
1666.260000,3.1470E-004
1666.538800,3.0640E-004
1666.817600,3.0830E-004
1667.096400,3.0810E-004
1667.375200,2.9430E-004
1667.654000,2.8450E-004
1667.932800,2.7660E-004
1668.211600,2.6940E-004
1668.490400,2.8660E-004
1668.769200,2.5930E-004
1669.048000,2.6770E-004
1669.326800,2.4560E-004
1669.605600,2.4960E-004
1669.884400,2.4970E-004
1670.163200,2.6920E-004
1670.442000,2.5540E-004
1670.720800,2.4590E-004
1670.999600,2.4630E-004
1671.278400,2.4210E-004
1671.557200,2.4540E-004
1671.836000,2.3000E-004
1672.114800,2.3590E-004
1672.393600,2.4820E-004
1672.672400,2.3110E-004
1672.951200,2.2790E-004
1673.230000,2.1890E-004
1673.508800,2.1140E-004
1673.787600,2.1350E-004
1674.066400,2.1500E-004
1674.345200,2.1080E-004
1674.624000,2.0310E-004
1674.902800,2.0650E-004
1675.181600,2.0200E-004
1675.460400,1.9760E-004
1675.739200,1.9900E-004
1676.018000,1.9420E-004
1676.296800,1.8810E-004
1676.575600,1.9820E-004
1676.854400,1.8690E-004
1677.133200,1.8630E-004
1677.412000,1.7960E-004
1677.690800,1.7630E-004
1677.969600,1.7390E-004
1678.248400,1.7640E-004
1678.527200,1.7670E-004
1678.806000,1.6770E-004
1679.084800,1.6330E-004
1679.363600,1.6890E-004
1679.642400,1.5880E-004
1679.921200,1.6150E-004
1680.200000,1.5350E-004
1680.478800,1.5770E-004
1680.757600,1.5260E-004
1681.036400,1.4360E-004
1681.315200,1.4320E-004
1681.594000,1.4280E-004
1681.872800,1.4790E-004
1682.151600,1.5040E-004
1682.430400,1.3180E-004
1682.709200,1.3340E-004
1682.988000,1.3310E-004
1683.266800,1.3500E-004
1683.545600,1.3230E-004
1683.824400,1.3110E-004
1684.103200,1.3130E-004
1684.382000,1.2720E-004
1684.660800,1.2010E-004
1684.939600,1.1920E-004
1685.218400,1.2020E-004
1685.497200,1.1670E-004
1685.776000,1.1820E-004
1686.054800,1.1700E-004
1686.333600,1.1430E-004
1686.612400,1.2710E-004
1686.891200,1.3920E-004
1687.170000,1.1210E-004
1687.448800,1.1360E-004
1687.727600,1.0620E-004
1688.006400,1.0480E-004
1688.285200,1.0440E-004
1688.564000,1.0700E-004
1688.842800,1.0180E-004
1689.121600,1.0100E-004
1689.400400,1.0030E-004
1689.679200,9.8410E-005
1689.958000,1.0090E-004
1690.236800,9.2610E-005
1690.515600,9.9880E-005
1690.794400,9.8880E-005
1691.073200,9.7480E-005
1691.352000,9.1160E-005
1691.630800,9.0730E-005
1691.909600,8.7150E-005
1692.188400,8.7230E-005
1692.467200,8.5700E-005
1692.746000,8.8310E-005
1693.024800,8.5490E-005
1693.303600,8.4200E-005
1693.582400,8.7540E-005
1693.861200,8.1030E-005
1694.140000,8.2940E-005
1694.418800,7.6760E-005
1694.697600,8.7040E-005
1694.976400,7.7120E-005
1695.255200,7.6350E-005
1695.534000,7.7690E-005
1695.812800,7.5060E-005
1696.091600,7.0850E-005
1696.370400,7.4480E-005
1696.649200,7.5270E-005
1696.928000,7.3210E-005
1697.206800,6.9600E-005
1697.485600,7.2590E-005
1697.764400,6.9030E-005
1698.043200,7.5700E-005
1698.322000,6.7230E-005
1698.600800,6.8660E-005
1698.879600,6.4730E-005
1699.158400,6.6070E-005
1699.437200,6.4200E-005
1699.716000,6.5000E-005
1699.994800,6.5280E-005
1700.273600,6.2420E-005
1700.552400,6.3200E-005
1700.831200,6.2170E-005
1701.110000,6.4090E-005
1701.388800,5.9200E-005
1701.667600,5.9630E-005
1701.946400,6.0700E-005
1702.225200,5.8860E-005
1702.504000,5.6960E-005
1702.782800,5.7050E-005
1703.061600,6.2210E-005
1703.340400,5.5940E-005
1703.619200,5.8870E-005
1703.898000,5.7310E-005
1704.176800,5.3640E-005
1704.455600,5.5220E-005
1704.734400,5.4210E-005
1705.013200,5.2930E-005
1705.292000,5.1510E-005
1705.570800,4.9930E-005
1705.849600,5.2880E-005
1706.128400,5.1440E-005
1706.407200,5.1550E-005
1706.686000,4.9030E-005
1706.964800,5.0040E-005
1707.243600,4.6260E-005
1707.522400,4.8810E-005
1707.801200,4.5850E-005
1708.080000,4.6950E-005
1708.358800,4.5060E-005
1708.637600,4.6280E-005
1708.916400,4.5340E-005
1709.195200,4.3600E-005
1709.474000,4.5120E-005
1709.752800,4.2160E-005
1710.031600,4.2130E-005
1710.310400,4.2070E-005
1710.589200,4.2810E-005
1710.868000,4.4700E-005
1711.146800,4.0000E-005
1711.425600,4.1750E-005
1711.704400,4.2800E-005
1711.983200,3.8970E-005
1712.262000,3.8200E-005
1712.540800,3.9820E-005
1712.819600,3.9970E-005
1713.098400,4.0200E-005
1713.377200,4.0740E-005
1713.656000,3.6950E-005
1713.934800,3.9610E-005
1714.213600,3.8480E-005
1714.492400,3.7170E-005
1714.771200,3.6810E-005
1715.050000,3.7880E-005
1715.328800,3.8780E-005
1715.607600,3.5210E-005
1715.886400,3.4090E-005
1716.165200,3.5140E-005
1716.444000,3.3330E-005
1716.722800,3.4900E-005
1717.001600,3.6630E-005
1717.280400,3.4940E-005
1717.559200,3.3810E-005
1717.838000,3.5060E-005
1718.116800,3.3980E-005
1718.395600,3.3820E-005
1718.674400,3.1900E-005
1718.953200,3.3430E-005
1719.232000,3.3430E-005
1719.510800,3.3650E-005
1719.789600,3.1680E-005
1720.068400,3.1430E-005
1720.347200,3.3370E-005
1720.626000,3.0710E-005
1720.904800,2.9680E-005
1721.183600,3.0220E-005
1721.462400,3.0090E-005
1721.741200,3.0340E-005
1722.020000,3.1920E-005
1722.298800,3.1620E-005
1722.577600,3.0520E-005
1722.856400,2.7830E-005
1723.135200,3.0560E-005
1723.414000,3.0610E-005
1723.692800,3.0060E-005
1723.971600,2.7420E-005
1724.250400,2.9750E-005
1724.529200,2.8420E-005
1724.808000,2.8300E-005
1725.086800,2.7840E-005
1725.365600,2.8310E-005
1725.644400,2.6040E-005
1725.923200,2.6840E-005
1726.202000,2.8380E-005
1726.480800,2.5200E-005
1726.759600,2.5460E-005
1727.038400,2.7530E-005
1727.317200,2.7330E-005
1727.596000,2.5740E-005
1727.874800,2.8120E-005
1728.153600,2.5400E-005
1728.432400,2.5320E-005
1728.711200,2.7340E-005
1728.990000,2.6390E-005
1729.268800,2.5210E-005
1729.547600,2.5270E-005
1729.826400,2.5930E-005
1730.105200,2.6100E-005
1730.384000,2.5680E-005
1730.662800,2.5450E-005
1730.941600,2.4710E-005
1731.220400,2.5190E-005
1731.499200,2.6070E-005
1731.778000,2.2890E-005
1732.056800,2.6490E-005
1732.335600,2.5290E-005
1732.614400,2.4590E-005
1732.893200,2.5010E-005
1733.172000,2.4050E-005
1733.450800,2.2620E-005
1733.729600,2.5410E-005
1734.008400,2.4780E-005
1734.287200,2.6090E-005
1734.566000,2.5610E-005
1734.844800,2.2960E-005
1735.123600,2.6010E-005
1735.402400,2.0590E-005
1735.681200,2.3410E-005
1735.960000,2.2940E-005
1736.238800,2.7040E-005
1736.517600,2.3670E-005
1736.796400,2.3530E-005
1737.075200,2.3110E-005
1737.354000,2.5120E-005
1737.632800,2.3800E-005
1737.911600,2.2690E-005
1738.190400,2.3010E-005
1738.469200,2.3250E-005
1738.748000,2.1630E-005
1739.026800,2.4600E-005
1739.305600,2.5690E-005
1739.584400,2.2860E-005
1739.863200,2.4810E-005
1740.142000,2.1330E-005
1740.420800,2.2470E-005
1740.699600,2.2080E-005
1740.978400,2.2250E-005
1741.257200,2.3850E-005
1741.536000,2.0490E-005
1741.814800,2.2170E-005
1742.093600,2.4230E-005
1742.372400,2.0700E-005
1742.651200,1.9220E-005
1742.930000,2.4690E-005
1743.208800,2.1150E-005
1743.487600,2.1090E-005
1743.766400,2.2040E-005
1744.045200,2.1200E-005
1744.324000,2.1200E-005
1744.602800,2.3340E-005
1744.881600,2.1820E-005
1745.160400,2.2000E-005
1745.439200,2.1820E-005
1745.718000,2.2450E-005
1745.996800,2.0890E-005
1746.275600,2.0980E-005
1746.554400,2.2100E-005
1746.833200,1.9350E-005
1747.112000,2.1010E-005
1747.390800,1.7980E-005
1747.669600,1.7860E-005
1747.948400,2.1170E-005
1748.227200,1.8670E-005
1748.506000,2.2350E-005
1748.784800,1.8700E-005
1749.063600,1.5790E-005
1749.342400,1.9670E-005
1749.621200,1.9200E-005
1749.900000,1.7920E-005
